      0/99     9.55G   0.09072   0.02239         0    0.1131       995       640    0.3214    0.2919     0.195   0.03946    0.1241   0.05897         0
      1/99     10.2G   0.08122   0.02736         0    0.1086       889       640    0.4554    0.5339    0.3993   0.08515    0.1034   0.05581         0
      2/99     10.2G    0.0902   0.03153         0    0.1217       900       640    0.5374    0.5461    0.4846    0.1324   0.09955   0.06409         0
      3/99     10.2G    0.0853   0.03101         0    0.1163      1025       640    0.7351     0.665    0.6982    0.2254   0.09597   0.05892         0
      4/99     10.2G   0.08477   0.03121         0     0.116      1241       640    0.8211    0.6991    0.7792     0.289   0.09351   0.05662         0
      5/99     10.2G   0.08354   0.02933         0    0.1129      1317       640    0.7598    0.6912    0.7294     0.232   0.09577   0.06083         0
      6/99     10.2G   0.08441    0.0312         0    0.1156       793       640    0.7934    0.7247    0.7141    0.2264   0.09271   0.06112         0
      7/99     10.2G   0.08003   0.03086         0    0.1109       740       640    0.8919    0.7654    0.8467    0.3623   0.09096   0.06136         0
      8/99     10.2G   0.08125   0.03021         0    0.1115       989       640    0.8995    0.7906    0.8578    0.3819   0.08893   0.06269         0
      9/99     10.2G   0.08321   0.03013         0    0.1133       913       640    0.9131    0.7661    0.8578     0.381   0.08906   0.06192         0
     10/99     10.2G    0.0831   0.03013         0    0.1132       625       640    0.8993    0.8096    0.8793    0.4062     0.088   0.06042         0
     11/99     10.2G   0.07764   0.03083         0    0.1085       855       640    0.9023    0.8191    0.8815     0.391   0.08786   0.06583         0
     12/99     10.2G   0.07992   0.03086         0    0.1108       965       640    0.8977     0.797    0.8711    0.3789    0.0877   0.06088         0
     13/99     10.2G   0.08169   0.03068         0    0.1124      1086       640    0.9131    0.8408    0.9045    0.4489   0.08714   0.06279         0
     14/99     10.2G   0.08143   0.03076         0    0.1122       690       640    0.9198    0.8386    0.8991    0.4443   0.08647   0.06607         0
     15/99     10.2G   0.07661   0.03096         0    0.1076       800       640    0.9319    0.8414    0.9093    0.4585    0.0855   0.06372         0
     16/99     10.2G   0.07709   0.03069         0    0.1078      1086       640    0.9215    0.8555     0.907    0.4602   0.08494   0.06315         0
     17/99     10.2G   0.07833    0.0308         0    0.1091      1137       640    0.9312    0.8593    0.9118    0.4721   0.08483   0.06527         0
     18/99     10.2G   0.07767   0.03127         0    0.1089       826       640    0.9344    0.8477      0.91    0.4644   0.08506   0.06488         0
     19/99     10.2G    0.0785   0.03021         0    0.1087      1349       640    0.9238    0.8554    0.9125    0.4588   0.08473   0.06481         0
     20/99     10.2G   0.08158   0.03067         0    0.1122      1214       640    0.9296    0.8517    0.9091    0.4577   0.08507   0.06338         0
     21/99     10.2G   0.07773   0.03125         0     0.109      1034       640    0.9287    0.8527    0.9072    0.4407   0.08528   0.06269         0
     22/99     10.2G   0.07592   0.03156         0    0.1075       840       640    0.9206    0.7133    0.7581    0.3832    0.0842   0.06459         0
     23/99     10.2G   0.07596   0.03106         0     0.107      1078       640    0.9288    0.8437     0.899    0.4409   0.08538   0.06646         0
     24/99     10.2G   0.07596   0.03036         0    0.1063      1189       640    0.9398    0.8694    0.9218     0.477   0.08396   0.06355         0
     25/99     10.2G   0.07811   0.03039         0    0.1085      1275       640    0.9427    0.8699    0.9265    0.4907   0.08292   0.06382         0
     26/99     10.2G     0.077   0.03015         0    0.1072      1247       640    0.9251    0.8364    0.9036    0.4588   0.08355   0.06719         0
     27/99     10.2G   0.07623   0.03033         0    0.1066      1086       640     0.944    0.8665     0.924    0.4942    0.0827   0.06425         0
     28/99     10.2G   0.07838    0.0307         0    0.1091       905       640    0.9407    0.8757    0.9247     0.496    0.0824   0.06682         0
     29/99     10.2G   0.07711   0.03076         0    0.1079      1239       640    0.9435    0.8601    0.9181    0.4837   0.08316   0.06575         0
     30/99     10.2G   0.07685   0.03073         0    0.1076       659       640    0.9334    0.8707    0.9177    0.4792   0.08262   0.06713         0
     31/99     10.2G   0.07749   0.03069         0    0.1082       805       640    0.9318    0.8621    0.9168    0.4564   0.08275   0.06702         0
     32/99     10.2G   0.07416   0.03084         0     0.105       797       640     0.944    0.8682    0.9213    0.4899   0.08199   0.06784         0
     33/99     10.2G   0.07706   0.03103         0    0.1081       837       640     0.944    0.8748    0.9211    0.4983   0.08218    0.0671         0
     34/99     10.2G   0.07568   0.03121         0    0.1069       683       640     0.926    0.8171    0.8648    0.4445   0.08525   0.06688         0
     35/99     10.2G   0.08017    0.0308         0     0.111      1010       640    0.9316    0.8403     0.904    0.4492   0.08314   0.06696         0
     36/99     10.2G   0.07798   0.03162         0    0.1096       858       640     0.931    0.8383    0.8971    0.4654   0.08282    0.0694         0
     37/99     10.2G   0.07998   0.03112         0    0.1111       762       640    0.9318    0.8593    0.9178    0.4832   0.08207   0.06897         0
     38/99     10.2G   0.07861   0.03053         0    0.1091       996       640    0.9381    0.8644    0.9201    0.4836   0.08231   0.06822         0
     39/99     10.2G   0.08005   0.03157         0    0.1116      1097       640    0.9257    0.8505     0.909    0.4697   0.08278   0.06808         0
     40/99     10.2G   0.07966   0.03027         0    0.1099      1046       640    0.9461    0.8731    0.9266    0.5017    0.0816   0.06716         0
     41/99     10.2G    0.0781    0.0306         0    0.1087      1215       640    0.8786     0.753    0.8267    0.3995   0.08478   0.07646         0
     42/99     10.2G   0.07775   0.03118         0    0.1089      1046       640    0.9486    0.8765     0.927    0.5002   0.08143   0.06821         0
     43/99     10.2G   0.07667   0.03099         0    0.1077       989       640    0.9504    0.8786    0.9299    0.5063   0.08104   0.06729         0
     44/99     10.2G   0.08105   0.03078         0    0.1118      1060       640    0.9518    0.8839    0.9342    0.5158   0.08088    0.0674         0
     45/99     10.2G   0.07656   0.03134         0    0.1079      1018       640    0.9507    0.8852    0.9341    0.5119   0.08096   0.06877         0
     46/99     10.2G   0.07966   0.03082         0    0.1105      1159       640    0.9408     0.884    0.9256    0.4932   0.08167   0.06771         0
     47/99     10.2G    0.0771    0.0312         0    0.1083       877       640    0.9546     0.879    0.9285    0.5039    0.0809   0.07063         0
     48/99     10.2G   0.07724   0.02995         0    0.1072       574       640    0.9551    0.8867    0.9349    0.5216   0.08083   0.06876         0
     49/99     10.2G   0.07497   0.03077         0    0.1057       988       640     0.952    0.8817    0.9303     0.508   0.08116   0.06687         0
     50/99     10.2G   0.07707   0.03025         0    0.1073       661       640    0.9493    0.8819    0.9312    0.5077   0.08107   0.06766         0
     51/99     10.2G   0.07839   0.03042         0    0.1088       661       640    0.9523    0.8774    0.9297    0.5049   0.08115    0.0693         0
     52/99     10.2G   0.07732   0.03043         0    0.1077       953       640    0.9405    0.8888    0.9296    0.5034   0.08094   0.06938         0
     53/99     10.2G   0.07646   0.03038         0    0.1068      1015       640    0.9541     0.887    0.9348    0.5153   0.08058    0.0678         0
     54/99     10.2G   0.07523   0.03062         0    0.1058      1158       640    0.9574    0.8947    0.9369    0.5251   0.08017   0.06931         0
     55/99     10.2G   0.07956   0.03011         0    0.1097      1296       640    0.9555     0.895    0.9382    0.5243   0.08057   0.06779         0
     56/99     10.2G   0.07675   0.03031         0    0.1071      1183       640    0.9561    0.8964    0.9399    0.5303    0.0802   0.06973         0
     57/99     10.2G   0.07895   0.03071         0    0.1097       952       640     0.959     0.895    0.9399    0.5293   0.08023   0.06783         0
     58/99     10.2G   0.07913   0.03047         0    0.1096      1391       640    0.9569    0.8939    0.9392    0.5291   0.07989   0.06901         0
     59/99     10.2G   0.07835   0.03049         0    0.1088      1117       640    0.9583       0.9    0.9418     0.537   0.07977   0.06827         0
     60/99     10.2G   0.07839   0.03002         0    0.1084      1045       640     0.959    0.8846    0.9359    0.5202   0.08034   0.07035         0
     61/99     10.2G   0.07902   0.03055         0    0.1096      1053       640    0.9567    0.8929    0.9401    0.5284   0.08004   0.06922         0
     62/99     10.2G   0.07735   0.02988         0    0.1072       713       640    0.9548    0.8968    0.9399    0.5279   0.07989   0.07059         0
     63/99     10.2G   0.07637   0.03008         0    0.1064       663       640    0.9561    0.8978    0.9405    0.5335   0.07984   0.06874         0
     64/99     10.2G   0.07955   0.03045         0      0.11      1034       640    0.9529     0.895    0.9394    0.5302   0.08006    0.0694         0
     65/99     10.2G   0.08133   0.03048         0    0.1118      1134       640    0.9603    0.8956    0.9388    0.5339   0.07984   0.07025         0
     66/99     10.2G   0.08013   0.03015         0    0.1103       839       640    0.9593    0.8969    0.9412    0.5385   0.07955   0.07018         0
     67/99     10.2G   0.08036   0.03014         0    0.1105       788       640    0.9588    0.8988     0.942    0.5357    0.0797   0.06961         0
     68/99     10.2G   0.07692   0.03011         0     0.107       901       640    0.9561    0.9003    0.9425    0.5373   0.07966    0.0693         0
     69/99     10.2G   0.07654   0.03077         0    0.1073      1250       640    0.9551    0.9009    0.9414     0.531   0.07969   0.06974         0
     70/99     10.2G   0.07704   0.03038         0    0.1074      1273       640    0.9572    0.8995    0.9431    0.5388   0.07942   0.07089         0
     71/99     10.2G   0.07533   0.03082         0    0.1061       966       640    0.9546    0.9042    0.9425      0.54   0.07933   0.07027         0
     72/99     10.2G   0.07817   0.03034         0    0.1085       801       640    0.9577     0.901    0.9432    0.5365   0.07942   0.07018         0
     73/99     10.2G   0.07678   0.03027         0    0.1071       776       640     0.959    0.9018    0.9439    0.5399    0.0793   0.07057         0
     74/99     10.2G   0.07565   0.03084         0    0.1065      1266       640    0.9605    0.8996    0.9425    0.5385    0.0794    0.0704         0
     75/99     10.2G   0.07734   0.03036         0    0.1077      1158       640    0.9579    0.8998    0.9417    0.5364   0.07933   0.07053         0
     76/99     10.2G   0.07839   0.02943         0    0.1078       654       640    0.9599     0.902    0.9427    0.5395   0.07935   0.07044         0
     77/99     10.2G   0.07594   0.03035         0    0.1063       974       640     0.957    0.9026    0.9426    0.5409    0.0792   0.07029         0
     78/99     10.2G   0.07397   0.03069         0    0.1047       748       640    0.9621    0.9015    0.9444    0.5409   0.07917   0.07048         0
     79/99     10.2G   0.08041   0.03025         0    0.1107       817       640    0.9628    0.8992    0.9429    0.5405   0.07914   0.07057         0
     80/99     10.2G   0.07517    0.0301         0    0.1053       842       640    0.9631    0.8994    0.9436    0.5412   0.07914    0.0703         0
     81/99     10.2G   0.07577   0.03015         0    0.1059       971       640    0.9628    0.9025    0.9447    0.5411   0.07904   0.07051         0
     82/99     10.2G   0.07425   0.03011         0    0.1044      1238       640    0.9606    0.9021    0.9437    0.5404   0.07915   0.07111         0
     83/99     10.2G   0.07408   0.02985         0    0.1039       883       640    0.9638    0.9013     0.944    0.5419   0.07913    0.0705         0
     84/99     10.2G   0.07716   0.03103         0    0.1082       845       640    0.9637    0.9036    0.9455    0.5436   0.07906   0.07055         0
     85/99     10.2G   0.07502   0.03015         0    0.1052       982       640    0.9647    0.9015     0.945     0.542   0.07909   0.07054         0
     86/99     10.2G   0.07836    0.0297         0    0.1081       748       640     0.964    0.9018    0.9455    0.5442   0.07897   0.07086         0
     87/99     10.2G   0.07572   0.03065         0    0.1064      1131       640    0.9611    0.9052    0.9449    0.5451   0.07893   0.07085         0
     88/99     10.2G   0.07657   0.03039         0     0.107      1304       640    0.9591    0.9085    0.9464    0.5461   0.07885   0.07071         0
     89/99     10.2G   0.07672   0.03094         0    0.1077       752       640    0.9627    0.9068     0.947    0.5461   0.07884   0.07054         0
     90/99     10.2G    0.0769   0.02979         0    0.1067       874       640    0.9585    0.9086    0.9463     0.547   0.07879   0.07084         0
     91/99     10.2G   0.07932   0.03079         0    0.1101      1459       640    0.9642    0.9044    0.9455    0.5459   0.07873    0.0712         0
     92/99     10.2G   0.07933   0.03035         0    0.1097       597       640    0.9628    0.9057     0.946    0.5456   0.07879    0.0711         0
     93/99     10.2G   0.07434   0.03034         0    0.1047       868       640    0.9624    0.9064    0.9466    0.5455   0.07873    0.0708         0
     94/99     10.2G   0.07401    0.0296         0    0.1036       705       640    0.9606    0.9084    0.9467    0.5467   0.07868   0.07081         0
     95/99     10.2G   0.07564   0.02924         0    0.1049      1135       640    0.9623     0.907    0.9465    0.5476   0.07864   0.07097         0
     96/99     10.2G   0.07634    0.0302         0    0.1065       877       640    0.9614    0.9081     0.947    0.5467   0.07869   0.07113         0
     97/99     10.2G   0.07756   0.03003         0    0.1076       966       640    0.9636    0.9045    0.9466    0.5462   0.07875   0.07098         0
     98/99     10.2G   0.08007   0.03075         0    0.1108       927       640    0.9609    0.9072    0.9462    0.5453   0.07874   0.07114         0
     99/99     10.2G   0.07468   0.02976         0    0.1044      1059       640    0.9635    0.9051    0.9464    0.5466   0.07867   0.07096         0
