      0/99     9.55G   0.09062   0.02206         0    0.1127       995       640    0.4069    0.4393     0.321    0.0672    0.1144   0.05725         0
      1/99     10.2G   0.08758   0.02804         0    0.1156       889       640    0.2638    0.3416    0.1911   0.03669    0.1171   0.06621         0
      2/99     10.2G   0.09271   0.03216         0    0.1249       900       640    0.4336    0.4442    0.3358   0.06967   0.09993   0.07209         0
      3/99     10.2G   0.08504   0.03233         0    0.1174      1025       640   0.09462    0.1989   0.04132  0.009744    0.1126   0.07329         0
      4/99     10.2G   0.08786   0.03303         0    0.1209      1241       640    0.1698    0.1722    0.0758   0.01448    0.1115   0.07068         0
      5/99     10.2G   0.08348    0.0314         0    0.1149      1317       640    0.1965    0.3344    0.1388   0.02557     0.107   0.06389         0
      6/99     10.2G   0.08981   0.03054         0    0.1204       793       640    0.4447    0.4343    0.3573   0.08762    0.1033   0.06186         0
      7/99     10.2G   0.08651   0.02988         0    0.1164       740       640    0.5071    0.4546    0.4094    0.1074    0.1031   0.06764         0
      8/99     10.2G   0.08816   0.03022         0    0.1184       989       640    0.5617    0.5063    0.4945     0.144   0.09865   0.06598         0
      9/99     10.2G   0.08795   0.03055         0    0.1185       913       640    0.1049    0.1574   0.04913   0.01195    0.1128   0.07427         0
     10/99     10.2G   0.09115   0.02993         0    0.1211       625       640    0.2117    0.2403    0.1131   0.02377    0.1033   0.06705         0
     11/99     10.2G   0.08749   0.03085         0    0.1183       855       640    0.5775    0.4993    0.4852    0.1327   0.09772   0.06632         0
     12/99     10.2G   0.08783   0.03098         0    0.1188       965       640    0.6209    0.5867    0.5877    0.1833     0.096   0.06386         0
     13/99     10.2G   0.08763   0.03072         0    0.1183      1086       640    0.7225      0.61    0.6623    0.2301   0.09412   0.06446         0
     14/99     10.2G   0.08867   0.03098         0    0.1196       690       640    0.7345    0.6497    0.6962    0.2422   0.09385   0.06347         0
     15/99     10.2G    0.0833   0.03085         0    0.1142       800       640    0.7746    0.6568     0.717    0.2637   0.09295   0.06336         0
     16/99     10.2G   0.08522   0.03053         0    0.1157      1086       640    0.7746    0.6332     0.707    0.2601   0.09272   0.06801         0
     17/99     10.2G   0.08451   0.03136         0    0.1159      1137       640    0.4998     0.402    0.3861    0.1209   0.09696   0.08757         0
     18/99     10.2G   0.08599   0.03195         0    0.1179       826       640    0.6899    0.4331    0.4957    0.1877    0.0919     0.088         0
     19/99     10.2G   0.08804   0.03146         0    0.1195      1349       640    0.7749    0.6397    0.6922    0.2598   0.09143   0.06978         0
     20/99     10.2G   0.08668   0.03212         0    0.1188      1214       640    0.7825    0.6692    0.7323    0.2693   0.09118   0.07063         0
     21/99     10.2G   0.08374   0.03288         0    0.1166      1034       640    0.8036    0.6635    0.7333    0.2646   0.09024   0.06622         0
     22/99     10.2G   0.08464   0.03328         0    0.1179       840       640    0.7878    0.6595    0.7351    0.2749   0.09061   0.07061         0
     23/99     10.2G   0.08506   0.03288         0    0.1179      1078       640     0.815    0.6938    0.7579    0.3039   0.08907   0.07062         0
     24/99     10.2G   0.08316   0.03215         0    0.1153      1189       640    0.8069    0.7113    0.7715    0.3033   0.08868   0.07005         0
     25/99     10.2G   0.08321   0.03207         0    0.1153      1275       640    0.8229    0.6995    0.7732    0.3052   0.08941   0.07189         0
     26/99     10.2G   0.08499   0.03163         0    0.1166      1247       640    0.7336    0.5826    0.6474    0.2266   0.09159   0.06779         0
     27/99     10.2G   0.08694   0.03191         0    0.1188      1086       640    0.8432    0.7184    0.7919    0.3176   0.08801   0.07375         0
     28/99     10.2G   0.08265   0.03228         0    0.1149       905       640     0.848    0.7281    0.8091    0.3381   0.08793   0.06972         0
     29/99     10.2G   0.08498   0.03211         0    0.1171      1239       640    0.8647     0.742    0.8229    0.3482   0.08733   0.06943         0
     30/99     10.2G   0.08658   0.03233         0    0.1189       659       640    0.8483    0.7455     0.818    0.3418   0.08777   0.07117         0
     31/99     10.2G   0.08501   0.03214         0    0.1172       805       640    0.8536    0.7622    0.8305    0.3508   0.08761   0.06798         0
     32/99     10.2G    0.0845   0.03229         0    0.1168       797       640    0.8682    0.7633    0.8391    0.3671   0.08702   0.06909         0
     33/99     10.2G   0.08237    0.0324         0    0.1148       837       640    0.8856    0.7573    0.8414    0.3705   0.08669   0.06736         0
     34/99     10.2G   0.07913   0.03239         0    0.1115       683       640    0.8867    0.7603    0.8442    0.3761   0.08675   0.06982         0
     35/99     10.2G    0.0836   0.03184         0    0.1154      1010       640    0.8854    0.7581    0.8433    0.3735   0.08664   0.06886         0
     36/99     10.2G   0.08151   0.03254         0    0.1141       858       640    0.8837    0.7788    0.8565    0.3855     0.086   0.06922         0
     37/99     10.2G   0.08355   0.03207         0    0.1156       762       640    0.8911    0.7709    0.8548    0.3828   0.08593   0.07002         0
     38/99     10.2G    0.0835   0.03174         0    0.1152       996       640    0.8867    0.7685    0.8537    0.3895    0.0859   0.07006         0
     39/99     10.2G   0.08446   0.03292         0    0.1174      1097       640    0.8794    0.7753    0.8446      0.37   0.08639   0.06807         0
     40/99     10.2G   0.08318   0.03169         0    0.1149      1046       640    0.8961    0.7843    0.8603      0.39   0.08603   0.07029         0
     41/99     10.2G   0.08278   0.03162         0    0.1144      1215       640    0.8887    0.7815    0.8588    0.3916   0.08562   0.06964         0
     42/99     10.2G   0.08308   0.03199         0    0.1151      1046       640    0.8947    0.7927     0.865    0.3914   0.08538   0.06882         0
     43/99     10.2G    0.0822   0.03222         0    0.1144       989       640    0.8967     0.793    0.8661    0.4056   0.08464   0.06867         0
     44/99     10.2G   0.08515   0.03183         0     0.117      1060       640    0.8921    0.8015    0.8708    0.4061   0.08475   0.06979         0
     45/99     10.2G   0.08207   0.03236         0    0.1144      1018       640    0.8728    0.7731    0.8412    0.3704   0.08578   0.06748         0
     46/99     10.2G   0.08355     0.032         0    0.1156      1159       640    0.9064    0.8029    0.8745    0.4097   0.08477   0.06794         0
     47/99     10.2G   0.08052   0.03223         0    0.1128       877       640    0.9094    0.8122    0.8795    0.4227   0.08393   0.06998         0
     48/99     10.2G   0.08315   0.03098         0    0.1141       574       640    0.9142    0.8048    0.8807    0.4232   0.08436   0.06884         0
     49/99     10.2G   0.07904   0.03182         0    0.1109       988       640    0.9047     0.812    0.8792    0.4238   0.08385   0.06943         0
     50/99     10.2G    0.0794   0.03129         0    0.1107       661       640    0.9183     0.804    0.8834    0.4274   0.08395   0.06912         0
     51/99     10.2G   0.08055   0.03131         0    0.1119       661       640    0.9117    0.8064     0.881     0.423   0.08461   0.06897         0
     52/99     10.2G   0.08077   0.03141         0    0.1122       953       640    0.9183    0.8058    0.8871    0.4362   0.08392   0.07023         0
     53/99     10.2G   0.08006   0.03135         0    0.1114      1015       640    0.9166    0.7977     0.881    0.4221   0.08407   0.06797         0
     54/99     10.2G   0.07802   0.03179         0    0.1098      1158       640    0.9072    0.8089    0.8743    0.4166   0.08422   0.06882         0
     55/99     10.2G   0.08079   0.03129         0    0.1121      1296       640    0.8927    0.8021     0.872     0.406   0.08506   0.06917         0
     56/99     10.2G   0.07921   0.03138         0    0.1106      1183       640    0.9221    0.8179    0.8928    0.4401   0.08341   0.07054         0
     57/99     10.2G   0.08342   0.03192         0    0.1153       952       640    0.9128    0.8231    0.8899    0.4387   0.08346   0.06974         0
     58/99     10.2G     0.083    0.0317         0    0.1147      1391       640    0.9269    0.8194    0.8922    0.4429   0.08307   0.07094         0
     59/99     10.2G   0.08157   0.03146         0     0.113      1117       640    0.9155     0.822    0.8915    0.4405   0.08343   0.07007         0
     60/99     10.2G    0.0814   0.03093         0    0.1123      1045       640    0.9194    0.8141    0.8886    0.4319   0.08362   0.06895         0
     61/99     10.2G   0.08223   0.03155         0    0.1138      1053       640    0.9253    0.8183    0.8929    0.4436   0.08355   0.06959         0
     62/99     10.2G   0.07959   0.03092         0    0.1105       713       640    0.9182    0.8222    0.8922    0.4428    0.0833   0.07035         0
     63/99     10.2G   0.08087   0.03123         0    0.1121       663       640    0.9259    0.8217    0.8976    0.4474   0.08322   0.06959         0
     64/99     10.2G   0.08208   0.03114         0    0.1132      1034       640     0.925    0.8195    0.8938    0.4437   0.08343   0.06968         0
     65/99     10.2G   0.08364   0.03156         0    0.1152      1134       640    0.9209    0.8221    0.8936    0.4447   0.08328    0.0701         0
     66/99     10.2G    0.0817   0.03097         0    0.1127       839       640    0.9309    0.8278    0.9009     0.455   0.08283   0.07073         0
     67/99     10.2G   0.08229   0.03113         0    0.1134       788       640    0.9194    0.8297    0.8952    0.4489   0.08303   0.06993         0
     68/99     10.2G   0.07901   0.03101         0      0.11       901       640    0.9239    0.8353    0.9016      0.46   0.08265   0.07116         0
     69/99     10.2G   0.07771   0.03183         0    0.1095      1250       640    0.9282    0.8181    0.8951    0.4496   0.08324   0.06953         0
     70/99     10.2G   0.08029   0.03153         0    0.1118      1273       640    0.9186    0.8447    0.9029    0.4583   0.08267   0.07055         0
     71/99     10.2G      0.08    0.0319         0    0.1119       966       640    0.9246    0.8297    0.8968    0.4475   0.08309   0.07003         0
     72/99     10.2G   0.08218   0.03123         0    0.1134       801       640    0.9254    0.8407    0.9027    0.4603    0.0827   0.07038         0
     73/99     10.2G   0.07939   0.03137         0    0.1108       776       640    0.9275    0.8411    0.9051    0.4639   0.08241    0.0709         0
     74/99     10.2G    0.0811   0.03186         0     0.113      1266       640    0.9162     0.839    0.9003    0.4563   0.08279   0.07023         0
     75/99     10.2G   0.08054   0.03127         0    0.1118      1158       640    0.9216    0.8458     0.906    0.4657   0.08225   0.07126         0
     76/99     10.2G   0.08038    0.0305         0    0.1109       654       640    0.9204    0.8435    0.9036      0.46   0.08283   0.07023         0
     77/99     10.2G   0.07884   0.03132         0    0.1102       974       640    0.9201    0.8458     0.905    0.4634   0.08258   0.06987         0
     78/99     10.2G   0.07721   0.03168         0    0.1089       748       640     0.921    0.8456    0.9045    0.4613   0.08254   0.07011         0
     79/99     10.2G   0.08479    0.0312         0     0.116       817       640    0.9225    0.8464    0.9043    0.4622   0.08236   0.07042         0
     80/99     10.2G   0.07729   0.03102         0    0.1083       842       640    0.9193    0.8481    0.9039     0.462   0.08254   0.07018         0
     81/99     10.2G   0.07833   0.03116         0    0.1095       971       640    0.9182    0.8463     0.903    0.4583   0.08268   0.07027         0
     82/99     10.2G   0.07796   0.03103         0     0.109      1238       640    0.9275    0.8471    0.9072    0.4654   0.08236   0.07026         0
     83/99     10.2G   0.07797   0.03085         0    0.1088       883       640     0.926    0.8511     0.907    0.4642   0.08243   0.06999         0
     84/99     10.2G   0.07936   0.03192         0    0.1113       845       640    0.9278    0.8473    0.9066    0.4648   0.08248   0.07026         0
     85/99     10.2G    0.0774   0.03098         0    0.1084       982       640    0.9295    0.8492    0.9079    0.4679    0.0823   0.06974         0
     86/99     10.2G   0.08264   0.03048         0    0.1131       748       640    0.9324     0.848    0.9087    0.4683   0.08227   0.07017         0
     87/99     10.2G   0.07997   0.03154         0    0.1115      1131       640    0.9324    0.8487    0.9077    0.4699   0.08225   0.07038         0
     88/99     10.2G   0.07962    0.0312         0    0.1108      1304       640    0.9289    0.8531    0.9098    0.4723   0.08211   0.07027         0
     89/99     10.2G   0.08093   0.03175         0    0.1127       752       640    0.9322    0.8507    0.9086      0.47   0.08214   0.06995         0
     90/99     10.2G   0.07984   0.03061         0    0.1105       874       640    0.9322    0.8496    0.9082    0.4702   0.08222   0.07019         0
     91/99     10.2G   0.08372   0.03165         0    0.1154      1459       640    0.9309    0.8518    0.9093    0.4697   0.08224   0.06999         0
     92/99     10.2G   0.08281   0.03127         0    0.1141       597       640    0.9295    0.8548    0.9103    0.4706   0.08205   0.07018         0
     93/99     10.2G   0.07897   0.03117         0    0.1101       868       640    0.9361    0.8539    0.9129    0.4755   0.08182   0.07026         0
     94/99     10.2G   0.07656   0.03039         0     0.107       705       640    0.9327    0.8525    0.9102    0.4708   0.08207   0.06978         0
     95/99     10.2G   0.07853   0.03012         0    0.1087      1135       640    0.9319    0.8573    0.9125    0.4756   0.08182   0.06992         0
     96/99     10.2G   0.08032   0.03121         0    0.1115       877       640    0.9363    0.8523    0.9109    0.4718   0.08195   0.07024         0
     97/99     10.2G   0.08015   0.03096         0    0.1111       966       640    0.9339    0.8532    0.9109    0.4705     0.082   0.07004         0
     98/99     10.2G   0.08093   0.03172         0    0.1127       927       640    0.9375    0.8506    0.9113    0.4721   0.08191   0.06997         0
     99/99     10.2G   0.07722   0.03074         0     0.108      1059       640    0.9323    0.8558     0.912    0.4741   0.08193   0.06978         0
