      0/99     9.56G   0.09187   0.02227         0    0.1141       995       640    0.2953    0.2405    0.1599   0.03542    0.1181   0.07324         0
      1/99     10.1G   0.08766   0.02822         0    0.1159       889       640     0.142    0.2052   0.06933   0.01389    0.1223   0.07621         0
      2/99     10.1G   0.08666   0.03191         0    0.1186       900       640    0.2622    0.3376    0.2013   0.04553    0.1045   0.07458         0
      3/99     10.1G   0.08547   0.03218         0    0.1177      1025       640 0.0002138 0.0006097 1.368e-05 4.092e-06    0.1501   0.04978         0
      4/99     10.1G   0.08838   0.03211         0    0.1205      1241       640    0.5788     0.549    0.5218    0.1451   0.09768   0.07281         0
      5/99     10.1G   0.08285   0.03309         0    0.1159      1317       640    0.7378    0.6225    0.6632    0.2275   0.09531   0.06687         0
      6/99     10.1G   0.08468   0.03311         0    0.1178       793       640    0.8271    0.7108    0.7609    0.3006   0.09287   0.06344         0
      7/99     10.1G   0.08071    0.0332         0    0.1139       740       640    0.8235    0.6928    0.7738    0.3039   0.09127   0.06665         0
      8/99     10.1G   0.08241   0.03286         0    0.1153       989       640    0.8094    0.7019     0.779    0.3087   0.09086   0.06598         0
      9/99     10.1G   0.08446   0.03254         0     0.117       913       640    0.8695    0.7452    0.8205    0.3388   0.09048   0.06822         0
     10/99     10.1G   0.08427   0.03229         0    0.1166       625       640    0.8875    0.7639    0.8333    0.3627    0.0894   0.06478         0
     11/99     10.1G   0.08064   0.03254         0    0.1132       855       640    0.8347    0.6726    0.7433    0.3043   0.09548   0.07517         0
     12/99     10.1G   0.08303   0.03235         0    0.1154       965       640    0.7495    0.6184    0.6752    0.2462   0.09202   0.07854         0
     13/99     10.1G   0.08068   0.03221         0    0.1129      1086       640     0.878    0.7571    0.8452    0.3692    0.0874   0.07066         0
     14/99     10.1G   0.08486   0.03208         0    0.1169       690       640    0.8821    0.7843    0.8615    0.3899    0.0866   0.07196         0
     15/99     10.1G   0.07619   0.03206         0    0.1083       800       640    0.9338    0.8032    0.8806    0.4224   0.08557   0.06958         0
     16/99     10.1G   0.07838   0.03117         0    0.1096      1086       640    0.9134    0.8071    0.8676    0.3921   0.08845   0.06862         0
     17/99     10.1G   0.07821   0.03159         0    0.1098      1137       640    0.9235    0.8139    0.8798    0.4317   0.08544   0.06875         0
     18/99     10.1G   0.08042   0.03202         0    0.1124       826       640    0.9229    0.8227    0.8941    0.4344   0.08507   0.06892         0
     19/99     10.1G   0.07955   0.03122         0    0.1108      1349       640    0.9255     0.825    0.8962    0.4418   0.08501    0.0697         0
     20/99     10.1G   0.08069   0.03151         0    0.1122      1214       640    0.9258     0.842    0.9006    0.4479   0.08435   0.06892         0
     21/99     10.1G   0.07827   0.03187         0    0.1101      1034       640    0.9347    0.8251    0.9003     0.437   0.08425   0.06839         0
     22/99     10.1G   0.07756   0.03217         0    0.1097       840       640    0.9305    0.8448    0.9096    0.4629   0.08327   0.07142         0
     23/99     10.1G   0.07808   0.03161         0    0.1097      1078       640    0.9346    0.8437    0.9076     0.466   0.08295   0.06922         0
     24/99     10.1G   0.07687   0.03104         0    0.1079      1189       640    0.9274    0.8286    0.8811    0.4406   0.08378   0.07044         0
     25/99     10.1G   0.07952   0.03091         0    0.1104      1275       640    0.9169     0.833    0.8985    0.4488   0.08352   0.07018         0
     26/99     10.1G   0.07988   0.03048         0    0.1104      1247       640    0.9287    0.8524    0.9155     0.469   0.08237   0.07029         0
     27/99     10.1G   0.07863    0.0306         0    0.1092      1086       640    0.9339    0.8663    0.9211    0.4951   0.08211   0.07025         0
     28/99     10.1G   0.07878   0.03103         0    0.1098       905       640    0.9305    0.8531     0.912    0.4718   0.08211   0.07231         0
     29/99     10.1G   0.07746   0.03099         0    0.1084      1239       640    0.9339    0.8507    0.9127    0.4719   0.08228   0.07165         0
     30/99     10.1G   0.07583   0.03103         0    0.1069       659       640    0.9322    0.8544    0.9154    0.4754    0.0823   0.07083         0
     31/99     10.1G   0.07848    0.0312         0    0.1097       805       640    0.9376    0.8596    0.9167    0.4802   0.08177   0.07188         0
     32/99     10.1G   0.07725   0.03124         0    0.1085       797       640    0.9342    0.8369    0.9035    0.4635   0.08265   0.07143         0
     33/99     10.1G   0.07603    0.0313         0    0.1073       837       640    0.9413    0.8591    0.9162    0.4829    0.0818   0.07138         0
     34/99     10.1G   0.07289   0.03122         0    0.1041       683       640    0.9401    0.8694    0.9198     0.493   0.08098   0.07166         0
     35/99     10.1G   0.07556   0.03064         0    0.1062      1010       640    0.9433     0.864    0.9192    0.4923   0.08104   0.07231         0
     36/99     10.1G   0.07243   0.03157         0     0.104       858       640    0.9405    0.8713    0.9232    0.4908   0.08105   0.07153         0
     37/99     10.1G   0.07612    0.0311         0    0.1072       762       640    0.9435    0.8655    0.9168    0.4952   0.08103   0.07266         0
     38/99     10.1G   0.07321   0.03082         0     0.104       996       640    0.9431    0.8676    0.9209    0.4971   0.08113   0.07245         0
     39/99     10.1G   0.07707   0.03154         0    0.1086      1097       640    0.9522    0.8615    0.9201    0.5018   0.08101   0.07329         0
     40/99     10.1G   0.08068    0.0305         0    0.1112      1046       640    0.9509    0.8701     0.923    0.4997   0.08071   0.07383         0
     41/99     10.1G   0.07576   0.03069         0    0.1064      1215       640    0.9482    0.8683    0.9259    0.4981   0.08104   0.07338         0
     42/99     10.1G   0.07209   0.03103         0    0.1031      1046       640    0.9484    0.8705    0.9229    0.4944   0.08077   0.07222         0
     43/99     10.1G   0.07696   0.03129         0    0.1083       989       640    0.9525    0.8808    0.9301    0.5086   0.07991   0.07242         0
     44/99     10.1G   0.07664   0.03095         0    0.1076      1060       640    0.9481    0.8763    0.9281     0.511   0.08036   0.07172         0
     45/99     10.1G   0.07322   0.03158         0    0.1048      1018       640    0.9509    0.8755    0.9295    0.5118   0.08028     0.072         0
     46/99     10.1G   0.06732   0.03109         0    0.0984      1159       640    0.9457    0.8752    0.9262    0.5006    0.0805    0.0716         0
     47/99     10.1G   0.07344   0.03142         0    0.1049       877       640    0.9464    0.8744    0.9245    0.5006   0.08061   0.07385         0
     48/99     10.1G   0.07378   0.03035         0    0.1041       574       640    0.9519    0.8594    0.9176    0.4976   0.08125   0.07349         0
     49/99     10.1G   0.06934   0.03104         0    0.1004       988       640    0.9499    0.8694    0.9238    0.5002   0.08046   0.07207         0
     50/99     10.1G   0.07314   0.03046         0    0.1036       661       640    0.9491    0.8747     0.923    0.5002   0.08038   0.07077         0
     51/99     10.1G   0.07311   0.03061         0    0.1037       661       640     0.955    0.8753    0.9256     0.512   0.08054   0.07131         0
     52/99     10.1G   0.07479    0.0307         0    0.1055       953       640    0.9471    0.8788    0.9267    0.5089    0.0802   0.07117         0
     53/99     10.1G   0.06946   0.03067         0    0.1001      1015       640    0.9536     0.882     0.933    0.5135   0.07995   0.07083         0
     54/99     10.1G   0.07187   0.03078         0    0.1027      1158       640    0.9464    0.8832    0.9283     0.513   0.08008   0.07174         0
     55/99     10.1G   0.07293   0.03023         0    0.1032      1296       640    0.9489    0.8915    0.9349    0.5206   0.07978   0.07057         0
     56/99     10.1G   0.06991   0.03062         0    0.1005      1183       640    0.9518     0.885    0.9327    0.5218   0.07951   0.07008         0
     57/99     10.1G   0.07644   0.03095         0    0.1074       952       640     0.952    0.8843    0.9322     0.515   0.07974   0.07053         0
     58/99     10.1G   0.07428   0.03074         0     0.105      1391       640    0.9488    0.8859    0.9312    0.5183    0.0797   0.07137         0
     59/99     10.1G   0.07632   0.03077         0    0.1071      1117       640    0.9505    0.8883    0.9334     0.518   0.07943    0.0701         0
     60/99     10.1G   0.07404   0.03017         0    0.1042      1045       640    0.9473    0.8873    0.9316    0.5174    0.0795   0.07102         0
     61/99     10.1G    0.0778   0.03083         0    0.1086      1053       640     0.956    0.8907    0.9365    0.5307   0.07899   0.06981         0
     62/99     10.1G   0.07082   0.03017         0     0.101       713       640    0.9511    0.8949    0.9362    0.5236   0.07913   0.07094         0
     63/99     10.1G   0.07269   0.03043         0    0.1031       663       640    0.9544    0.8918    0.9361    0.5218   0.07909   0.07019         0
     64/99     10.1G   0.07184   0.03029         0    0.1021      1034       640    0.9508    0.8899    0.9336    0.5228   0.07918   0.07043         0
     65/99     10.1G   0.07553    0.0307         0    0.1062      1134       640    0.9535    0.8887    0.9316    0.5246   0.07903   0.07128         0
     66/99     10.1G    0.0725   0.03035         0    0.1029       839       640    0.9585    0.8921    0.9363    0.5331   0.07844   0.07119         0
     67/99     10.1G   0.07359   0.03044         0     0.104       788       640    0.9568    0.8886    0.9343    0.5252   0.07874   0.07091         0
     68/99     10.1G   0.07171   0.03039         0    0.1021       901       640    0.9499    0.8934    0.9358    0.5282   0.07851   0.07114         0
     69/99     10.1G    0.0718   0.03113         0    0.1029      1250       640    0.9496    0.8955    0.9359    0.5251   0.07855   0.07074         0
     70/99     10.1G   0.06934   0.03067         0       0.1      1273       640    0.9605    0.8912    0.9394    0.5332   0.07807   0.07242         0
     71/99     10.1G   0.06986   0.03116         0     0.101       966       640    0.9566    0.8957    0.9393     0.532   0.07803   0.07136         0
     72/99     10.1G   0.07144   0.03067         0    0.1021       801       640    0.9521    0.8957    0.9351    0.5235   0.07845   0.07165         0
     73/99     10.1G   0.07101   0.03074         0    0.1017       776       640    0.9597    0.8949    0.9379     0.533   0.07785   0.07223         0
     74/99     10.1G   0.06663    0.0314         0   0.09803      1266       640    0.9615    0.8875    0.9371    0.5283   0.07787   0.07251         0
     75/99     10.1G   0.07384   0.03081         0    0.1047      1158       640    0.9551     0.889    0.9338    0.5241    0.0781   0.07252         0
     76/99     10.1G   0.07164   0.02987         0    0.1015       654       640    0.9589    0.8959    0.9395    0.5335    0.0777   0.07219         0
     77/99     10.1G   0.06865   0.03066         0   0.09931       974       640    0.9573    0.8944    0.9385    0.5327   0.07742   0.07285         0
     78/99     10.1G   0.06825   0.03106         0   0.09931       748       640    0.9579    0.8979    0.9407    0.5337    0.0773    0.0724         0
     79/99     10.1G   0.07447   0.03075         0    0.1052       817       640     0.964    0.8886    0.9383    0.5289   0.07759   0.07219         0
     80/99     10.1G   0.06741   0.03063         0   0.09804       842       640     0.951    0.8985    0.9375    0.5279   0.07757   0.07217         0
     81/99     10.1G   0.06658   0.03059         0   0.09717       971       640     0.957    0.8977    0.9397     0.532   0.07731    0.0728         0
     82/99     10.1G   0.06699    0.0305         0   0.09749      1238       640    0.9537    0.9008    0.9395    0.5324   0.07726   0.07312         0
     83/99     10.1G     0.065   0.03045         0   0.09545       883       640    0.9593    0.8962    0.9391     0.529   0.07724   0.07258         0
     84/99     10.1G   0.06666    0.0316         0   0.09826       845       640    0.9578    0.8993    0.9402    0.5343   0.07692   0.07297         0
     85/99     10.1G   0.06432   0.03062         0   0.09494       982       640    0.9604     0.894    0.9392    0.5312     0.077   0.07318         0
     86/99     10.1G   0.06987   0.03019         0    0.1001       748       640    0.9569    0.8966    0.9389    0.5314   0.07703   0.07309         0
     87/99     10.1G   0.06628   0.03133         0   0.09761      1131       640    0.9589    0.8963    0.9398    0.5342   0.07677   0.07347         0
     88/99     10.1G   0.06277   0.03102         0   0.09379      1304       640    0.9575    0.8984      0.94    0.5348   0.07662   0.07335         0
     89/99     10.1G   0.06264   0.03158         0   0.09422       752       640    0.9547    0.9006     0.941    0.5343   0.07658   0.07279         0
     90/99     10.1G   0.06754   0.03051         0   0.09805       874       640    0.9585    0.8997    0.9411    0.5378   0.07634   0.07301         0
     91/99     10.1G   0.07011   0.03164         0    0.1017      1459       640    0.9558    0.9004    0.9407    0.5318   0.07642   0.07295         0
     92/99     10.1G   0.06956   0.03121         0    0.1008       597       640    0.9596    0.8965    0.9401    0.5314   0.07634   0.07273         0
     93/99     10.1G   0.06402   0.03113         0   0.09514       868       640    0.9623     0.897    0.9418    0.5334   0.07616   0.07198         0
     94/99     10.1G   0.05959   0.03038         0   0.08997       705       640    0.9595    0.8985    0.9411    0.5329   0.07611   0.07212         0
     95/99     10.1G   0.06524   0.03005         0   0.09529      1135       640    0.9579    0.9004    0.9413     0.533   0.07594   0.07246         0
     96/99     10.1G   0.06352   0.03118         0    0.0947       877       640    0.9602    0.8999    0.9416     0.534    0.0758   0.07259         0
     97/99     10.1G   0.06851   0.03087         0   0.09938       966       640     0.959    0.8994    0.9407    0.5331   0.07578    0.0724         0
     98/99     10.1G   0.06688   0.03162         0    0.0985       927       640    0.9594    0.8982    0.9409    0.5333   0.07571   0.07283         0
     99/99     10.1G   0.06424   0.03076         0     0.095      1059       640    0.9579    0.9022     0.942     0.535   0.07555   0.07283         0
