      0/99     9.55G   0.09159   0.02151         0    0.1131       995       640    0.2111     0.226    0.1219   0.02553    0.1175    0.0656         0
      1/99     10.2G   0.08972   0.02639         0    0.1161       889       640    0.2239    0.2759    0.1276    0.0232    0.1103   0.07537         0
      2/99     10.2G   0.09186   0.03159         0    0.1234       900       640    0.4159    0.4388    0.3662    0.0867    0.1005   0.06997         0
      3/99     10.2G   0.08703   0.03138         0    0.1184      1025       640    0.5663    0.5717    0.5315    0.1413   0.09864   0.06955         0
      4/99     10.2G   0.08846   0.03161         0    0.1201      1241       640    0.6695    0.6018    0.6065    0.1661   0.09602   0.06422         0
      5/99     10.2G   0.08485   0.03188         0    0.1167      1317       640    0.7529    0.6746    0.7306    0.2484   0.09615   0.06457         0
      6/99     10.2G   0.08569   0.03259         0    0.1183       793       640    0.7519    0.5804    0.5999    0.1911    0.0926   0.06243         0
      7/99     10.2G   0.08152   0.03252         0     0.114       740       640    0.8816    0.7659     0.841    0.3604      0.09    0.0629         0
      8/99     10.2G   0.08229   0.03213         0    0.1144       989       640    0.7834    0.6231    0.6513      0.27   0.09095    0.0605         0
      9/99     10.2G   0.08415   0.03189         0     0.116       913       640    0.9118    0.7536    0.8396    0.3625   0.08966   0.06246         0
     10/99     10.2G   0.08396   0.03172         0    0.1157       625       640    0.9044    0.7741    0.8518    0.3791   0.08941   0.06328         0
     11/99     10.2G   0.08263   0.03186         0    0.1145       855       640    0.8954    0.8152    0.8741    0.3854   0.08782   0.06356         0
     12/99     10.2G   0.08246   0.03163         0    0.1141       965       640    0.8731    0.7907    0.8629    0.3606   0.08814    0.0641         0
     13/99     10.2G   0.08382   0.03122         0     0.115      1086       640    0.9129    0.7867    0.8711    0.4004   0.08773   0.06602         0
     14/99     10.2G    0.0833   0.03114         0    0.1144       690       640    0.9085    0.6752    0.7399    0.3459   0.08681   0.06624         0
     15/99     10.2G   0.07834   0.03143         0    0.1098       800       640    0.9008    0.6927     0.747    0.3602   0.08546   0.06578         0
     16/99     10.2G   0.07953   0.03091         0    0.1104      1086       640    0.9223    0.8316    0.8992    0.4279   0.08536   0.06893         0
     17/99     10.2G   0.07918   0.03109         0    0.1103      1137       640    0.9307    0.8441    0.9054    0.4549   0.08443    0.0675         0
     18/99     10.2G    0.0806   0.03145         0     0.112       826       640    0.9322    0.8392    0.9057    0.4481   0.08447   0.06792         0
     19/99     10.2G   0.08317   0.03042         0    0.1136      1349       640     0.914    0.8366       0.9     0.442   0.08486   0.06598         0
     20/99     10.2G   0.08171   0.03068         0    0.1124      1214       640    0.9434    0.8539    0.9189     0.478   0.08376    0.0674         0
     21/99     10.2G   0.07894    0.0312         0    0.1101      1034       640     0.921    0.7111      0.76    0.3729   0.08433   0.06596         0
     22/99     10.2G    0.0801   0.03175         0    0.1118       840       640    0.9325    0.8562    0.9181    0.4659   0.08326   0.06707         0
     23/99     10.2G   0.07823   0.03114         0    0.1094      1078       640    0.9225    0.8631    0.9181    0.4675   0.08359   0.06533         0
     24/99     10.2G   0.07788   0.03067         0    0.1086      1189       640    0.9434    0.8553    0.9099    0.4697   0.08376   0.06765         0
     25/99     10.2G   0.07908   0.03047         0    0.1096      1275       640    0.9251    0.8396    0.9017    0.4482    0.0843   0.06932         0
     26/99     10.2G   0.07983   0.03014         0      0.11      1247       640    0.9309    0.8563    0.9134    0.4643   0.08278   0.07017         0
     27/99     10.2G   0.08084   0.03028         0    0.1111      1086       640    0.9338    0.8689    0.9218    0.4873   0.08259   0.06744         0
     28/99     10.2G   0.07995   0.03056         0    0.1105       905       640    0.9356     0.854    0.9135    0.4724   0.08245    0.0699         0
     29/99     10.2G   0.08059   0.03057         0    0.1112      1239       640    0.9439    0.8584    0.9244    0.4864   0.08248   0.06779         0
     30/99     10.2G   0.08167   0.03068         0    0.1123       659       640     0.945    0.8645    0.9263    0.5007   0.08173   0.07008         0
     31/99     10.2G    0.0803   0.03063         0    0.1109       805       640    0.9341    0.8683    0.9251    0.4868   0.08184   0.06973         0
     32/99     10.2G   0.07979   0.03062         0    0.1104       797       640    0.9525    0.8665    0.9251    0.4911   0.08208   0.06765         0
     33/99     10.2G   0.07917   0.03094         0    0.1101       837       640    0.9391    0.8774    0.9254    0.4933   0.08205   0.06952         0
     34/99     10.2G   0.07517   0.03079         0     0.106       683       640    0.9444      0.87    0.9254    0.4982   0.08132   0.07052         0
     35/99     10.2G   0.07986   0.03041         0    0.1103      1010       640    0.9481    0.8789    0.9298    0.4977   0.08156   0.06792         0
     36/99     10.2G    0.0766   0.03122         0    0.1078       858       640    0.9481    0.8717    0.9276    0.5008   0.08138   0.06827         0
     37/99     10.2G   0.07963   0.03068         0    0.1103       762       640    0.9485    0.8734    0.9299    0.5067   0.08111   0.06972         0
     38/99     10.2G   0.07927   0.03044         0    0.1097       996       640    0.9364    0.8622    0.9125    0.4761   0.08257   0.07122         0
     39/99     10.2G    0.0792   0.03155         0    0.1108      1097       640    0.9379    0.8584    0.9208    0.4902   0.08183   0.06878         0
     40/99     10.2G   0.07928   0.03025         0    0.1095      1046       640    0.9572    0.8778    0.9316    0.5085   0.08112    0.0685         0
     41/99     10.2G   0.07782   0.03051         0    0.1083      1215       640    0.9456    0.8689    0.9228    0.4987   0.08125   0.06973         0
     42/99     10.2G   0.07977   0.03076         0    0.1105      1046       640    0.9439    0.8872    0.9305    0.5144   0.08122   0.06938         0
     43/99     10.2G   0.07836   0.03088         0    0.1092       989       640    0.9502    0.8874     0.934    0.5122   0.08073   0.06833         0
     44/99     10.2G   0.08077   0.03079         0    0.1116      1060       640    0.9486    0.8749    0.9264    0.5055   0.08138   0.06806         0
     45/99     10.2G   0.07775   0.03119         0    0.1089      1018       640    0.9521    0.8692    0.9302    0.5053   0.08084    0.0693         0
     46/99     10.2G   0.07801   0.03077         0    0.1088      1159       640    0.9475    0.8697    0.9233    0.4859   0.08161   0.06863         0
     47/99     10.2G   0.07773   0.03128         0     0.109       877       640    0.9505    0.8811    0.9336    0.5126   0.08056    0.0698         0
     48/99     10.2G   0.07821   0.03003         0    0.1082       574       640    0.9457    0.8865    0.9343    0.5129   0.08088   0.06916         0
     49/99     10.2G   0.07279   0.03063         0    0.1034       988       640     0.953    0.8892    0.9366    0.5228   0.08041   0.06832         0
     50/99     10.2G   0.07539   0.03016         0    0.1056       661       640    0.9383     0.875    0.9157    0.4998   0.08141   0.06898         0
     51/99     10.2G   0.07907   0.03021         0    0.1093       661       640    0.9506    0.8828    0.9344    0.5203   0.08057   0.06961         0
     52/99     10.2G   0.07603   0.03035         0    0.1064       953       640    0.9517    0.8875    0.9361    0.5197   0.08065   0.06819         0
     53/99     10.2G    0.0741   0.03025         0    0.1043      1015       640     0.949    0.8963    0.9377    0.5259   0.08037   0.06805         0
     54/99     10.2G   0.07487   0.03049         0    0.1054      1158       640    0.9558    0.8887    0.9363    0.5198   0.08028   0.06918         0
     55/99     10.2G   0.07382   0.03002         0    0.1038      1296       640    0.9493    0.8907    0.9355    0.5186   0.08074   0.06813         0
     56/99     10.2G   0.07203   0.03024         0    0.1023      1183       640    0.9551    0.8891    0.9337    0.5268   0.08041   0.06905         0
     57/99     10.2G   0.07699   0.03076         0    0.1077       952       640    0.9565    0.8932    0.9372    0.5266   0.07998   0.07031         0
     58/99     10.2G   0.07178   0.03051         0    0.1023      1391       640    0.9591    0.8889     0.938    0.5295   0.07978   0.07053         0
     59/99     10.2G    0.0758   0.03063         0    0.1064      1117       640    0.9567    0.8892    0.9361    0.5271   0.07997   0.06912         0
     60/99     10.2G   0.07467   0.02981         0    0.1045      1045       640    0.9506    0.8932    0.9367    0.5286      0.08   0.06891         0
     61/99     10.2G   0.07783   0.03052         0    0.1084      1053       640    0.9551       0.9    0.9407    0.5273   0.08002   0.06834         0
     62/99     10.2G   0.07673   0.02979         0    0.1065       713       640    0.9543    0.8938    0.9383    0.5295   0.07982   0.07104         0
     63/99     10.2G   0.07635   0.03001         0    0.1064       663       640    0.9558    0.8953    0.9399    0.5338   0.07983    0.0691         0
     64/99     10.2G   0.07797   0.03011         0    0.1081      1034       640    0.9588    0.8949    0.9404    0.5322   0.07961    0.0696         0
     65/99     10.2G    0.0806   0.03048         0    0.1111      1134       640    0.9586     0.893    0.9388    0.5314   0.07976   0.07008         0
     66/99     10.2G   0.07967   0.03004         0    0.1097       839       640    0.9627    0.8949    0.9412     0.538   0.07951   0.06997         0
     67/99     10.2G   0.07944   0.03007         0    0.1095       788       640    0.9571    0.8964    0.9414    0.5347   0.07968   0.06985         0
     68/99     10.2G   0.07572   0.03002         0    0.1057       901       640    0.9551    0.9031    0.9421     0.538   0.07959   0.06932         0
     69/99     10.2G   0.07666   0.03086         0    0.1075      1250       640    0.9566    0.9009     0.942    0.5335   0.07956   0.06911         0
     70/99     10.2G   0.07535   0.03033         0    0.1057      1273       640    0.9622    0.8983    0.9436    0.5405   0.07942   0.06991         0
     71/99     10.2G   0.07702   0.03082         0    0.1078       966       640    0.9608    0.8974    0.9418    0.5362   0.07956   0.06951         0
     72/99     10.2G   0.07716   0.03034         0    0.1075       801       640    0.9621    0.9002    0.9427    0.5388   0.07917   0.07057         0
     73/99     10.2G   0.07844   0.03028         0    0.1087       776       640    0.9629    0.9009    0.9437    0.5438   0.07893   0.07028         0
     74/99     10.2G    0.0739    0.0308         0    0.1047      1266       640    0.9607    0.9013     0.945    0.5429    0.0791   0.06984         0
     75/99     10.2G   0.07886   0.03025         0    0.1091      1158       640    0.9602    0.8971    0.9422    0.5352   0.07926   0.07049         0
     76/99     10.2G   0.07543   0.02943         0    0.1049       654       640    0.9611    0.9014    0.9439    0.5413   0.07911   0.07047         0
     77/99     10.2G    0.0674   0.03026         0   0.09765       974       640    0.9562     0.907    0.9442    0.5428   0.07898   0.07034         0
     78/99     10.2G   0.06912   0.03068         0    0.0998       748       640    0.9651    0.8963    0.9441    0.5405   0.07908   0.07036         0
     79/99     10.2G   0.07555   0.03027         0    0.1058       817       640     0.957    0.9043    0.9432    0.5399   0.07895   0.07116         0
     80/99     10.2G   0.06963   0.03019         0   0.09983       842       640    0.9602    0.9036    0.9436    0.5423   0.07882   0.07016         0
     81/99     10.2G   0.06991   0.03015         0    0.1001       971       640    0.9624    0.9014    0.9439    0.5405   0.07885   0.07053         0
     82/99     10.2G   0.06965    0.0301         0   0.09975      1238       640    0.9616    0.9036     0.945    0.5427   0.07882   0.07073         0
     83/99     10.2G   0.07314   0.02993         0    0.1031       883       640     0.954    0.9092    0.9448     0.539   0.07903   0.07047         0
     84/99     10.2G   0.07488   0.03108         0     0.106       845       640    0.9625    0.9021    0.9438     0.542   0.07897   0.07007         0
     85/99     10.2G   0.07065   0.03014         0    0.1008       982       640    0.9641    0.9013    0.9444    0.5418   0.07886   0.07034         0
     86/99     10.2G   0.07698   0.02967         0    0.1066       748       640    0.9609    0.9052     0.945    0.5433   0.07879   0.07046         0
     87/99     10.2G    0.0719   0.03069         0    0.1026      1131       640    0.9645    0.8977    0.9436    0.5398   0.07899   0.07061         0
     88/99     10.2G   0.07336   0.03039         0    0.1037      1304       640    0.9603    0.9049    0.9445    0.5438   0.07872    0.0704         0
     89/99     10.2G   0.06972   0.03103         0    0.1007       752       640    0.9618    0.9044    0.9455    0.5451   0.07865   0.07032         0
     90/99     10.2G   0.07342   0.02976         0    0.1032       874       640    0.9623    0.9041     0.945    0.5464   0.07854   0.07059         0
     91/99     10.2G   0.07346   0.03083         0    0.1043      1459       640    0.9614    0.9055    0.9458    0.5443   0.07863   0.07072         0
     92/99     10.2G   0.07535   0.03038         0    0.1057       597       640    0.9556    0.9107    0.9468    0.5445   0.07862   0.07043         0
     93/99     10.2G   0.06824   0.03043         0   0.09867       868       640    0.9622    0.9044     0.946    0.5446   0.07857    0.0704         0
     94/99     10.2G    0.0641    0.0296         0    0.0937       705       640     0.957    0.9089    0.9454    0.5444   0.07859   0.07046         0
     95/99     10.2G   0.07006    0.0292         0   0.09926      1135       640    0.9602    0.9075    0.9457    0.5453   0.07857   0.07048         0
     96/99     10.2G   0.06893   0.03026         0   0.09919       877       640    0.9589    0.9097    0.9464     0.546   0.07849   0.07074         0
     97/99     10.2G   0.07113   0.03002         0    0.1012       966       640    0.9604    0.9068    0.9457    0.5452   0.07848   0.07046         0
     98/99     10.2G   0.06989   0.03076         0    0.1007       927       640    0.9634    0.9048    0.9467    0.5465   0.07845   0.07051         0
     99/99     10.2G   0.06662   0.02989         0   0.09651      1059       640    0.9583    0.9086    0.9466    0.5473   0.07847   0.07048         0
