      0/99     9.55G   0.09268   0.02216         0    0.1148       995       640    0.3223     0.336    0.2094   0.04124    0.1149   0.05083         0
      1/99     10.2G   0.08892   0.02683         0    0.1158       889       640    0.3602    0.4366    0.2739   0.05507    0.1036   0.06308         0
      2/99     10.2G   0.08882   0.03097         0    0.1198       900       640    0.6492    0.6197    0.6079    0.1775   0.09709   0.06324         0
      3/99     10.2G   0.08333    0.0308         0    0.1141      1025       640    0.7404    0.6591    0.7087    0.2553   0.09485   0.06138         0
      4/99     10.2G   0.08497   0.03101         0     0.116      1241       640    0.7973    0.7281    0.7797    0.3062   0.09358   0.06093         0
      5/99     10.2G   0.08275   0.03048         0    0.1132      1317       640    0.8028    0.7079    0.7822    0.3059   0.09255   0.06213         0
      6/99     10.2G    0.0841   0.03057         0    0.1147       793       640    0.8893    0.7717    0.8398    0.3454   0.09103   0.06096         0
      7/99     10.2G   0.07946   0.03069         0    0.1102       740       640    0.8986    0.7741      0.86    0.3851   0.09067   0.06004         0
      8/99     10.2G   0.08196   0.03016         0    0.1121       989       640    0.9081    0.7926    0.8662    0.3959   0.08992   0.06059         0
      9/99     10.2G   0.08224   0.03027         0    0.1125       913       640    0.9037    0.8189     0.888    0.4087   0.08807   0.06123         0
     10/99     10.2G   0.08436   0.03019         0    0.1145       625       640    0.9116     0.795    0.8786    0.4143   0.08771   0.06442         0
     11/99     10.2G   0.07866    0.0306         0    0.1093       855       640    0.9137    0.8063    0.8848    0.3936   0.08733   0.06657         0
     12/99     10.2G   0.08103   0.03062         0    0.1116       965       640     0.837    0.7275    0.7742    0.2582   0.09239   0.06923         0
     13/99     10.2G   0.08381   0.03056         0    0.1144      1086       640    0.9003    0.8099    0.8822    0.4166   0.08763   0.06558         0
     14/99     10.2G   0.08171   0.03074         0    0.1125       690       640    0.9145    0.8256    0.8905    0.4146   0.08693   0.06746         0
     15/99     10.2G    0.0779   0.03074         0    0.1086       800       640    0.9271    0.8366    0.9048    0.4497   0.08565   0.06615         0
     16/99     10.2G   0.07757   0.03036         0    0.1079      1086       640    0.9192    0.8469     0.903    0.4442    0.0853    0.0692         0
     17/99     10.2G   0.07874   0.03048         0    0.1092      1137       640    0.9342    0.8587     0.914    0.4731   0.08438   0.06977         0
     18/99     10.2G   0.07997   0.03088         0    0.1108       826       640     0.928     0.859    0.9159    0.4665   0.08431   0.06739         0
     19/99     10.2G   0.08069   0.03002         0    0.1107      1349       640    0.8805    0.7999    0.8678    0.3961   0.08574      0.07         0
     20/99     10.2G   0.08152   0.03026         0    0.1118      1214       640    0.9244    0.8678    0.9137    0.4572   0.08365   0.07103         0
     21/99     10.2G   0.07883   0.03093         0    0.1098      1034       640    0.9351    0.8465    0.9068    0.4428   0.08445   0.06785         0
     22/99     10.2G   0.07874   0.03141         0    0.1102       840       640    0.9321    0.8609     0.916    0.4582   0.08402   0.06949         0
     23/99     10.2G   0.07827   0.03092         0    0.1092      1078       640    0.9416    0.8674    0.9248     0.482   0.08318   0.06759         0
     24/99     10.2G   0.07685   0.03028         0    0.1071      1189       640    0.9364    0.8716    0.9212    0.4771   0.08351   0.06715         0
     25/99     10.2G   0.07834   0.03032         0    0.1087      1275       640    0.9418    0.8656    0.9201    0.4852   0.08317   0.06824         0
     26/99     10.2G   0.08058   0.03002         0    0.1106      1247       640    0.9347    0.8709     0.923    0.4786   0.08237    0.0707         0
     27/99     10.2G   0.08054   0.03021         0    0.1108      1086       640    0.9443    0.8736    0.9273    0.4952   0.08236   0.06896         0
     28/99     10.2G   0.07925   0.03052         0    0.1098       905       640    0.9343    0.8742    0.9212    0.4939   0.08227   0.06948         0
     29/99     10.2G   0.08003   0.03051         0    0.1105      1239       640    0.9392     0.866    0.9182    0.4721   0.08231   0.07074         0
     30/99     10.2G   0.07979    0.0306         0    0.1104       659       640    0.9412    0.8704     0.926    0.4906    0.0817   0.07099         0
     31/99     10.2G   0.08025   0.03073         0     0.111       805       640    0.7932    0.7105    0.7555    0.3031   0.08632   0.07173         0
     32/99     10.2G   0.08168   0.03106         0    0.1127       797       640     0.938    0.8631    0.9111    0.4751   0.08187   0.07183         0
     33/99     10.2G   0.07953   0.03106         0    0.1106       837       640    0.9486    0.8768    0.9287    0.5052   0.08105    0.0705         0
     34/99     10.2G   0.07395   0.03081         0    0.1048       683       640    0.9526    0.8771    0.9309    0.5025   0.08121   0.07042         0
     35/99     10.2G   0.07968   0.03027         0    0.1099      1010       640    0.9462    0.8769    0.9286    0.4915   0.08162   0.06999         0
     36/99     10.2G   0.07759   0.03129         0    0.1089       858       640    0.9445    0.8768    0.9314     0.497   0.08091   0.07024         0
     37/99     10.2G   0.07887   0.03073         0    0.1096       762       640     0.948    0.8848    0.9316    0.5083   0.08065   0.07247         0
     38/99     10.2G   0.07897    0.0304         0    0.1094       996       640    0.9332    0.8772    0.9258    0.4891   0.08082    0.0721         0
     39/99     10.2G   0.07935   0.03123         0    0.1106      1097       640    0.9592    0.8871    0.9385     0.517   0.08032   0.07231         0
     40/99     10.2G   0.07963   0.03019         0    0.1098      1046       640    0.9539    0.8841    0.9337     0.517   0.08027   0.07261         0
     41/99     10.2G   0.07747   0.03037         0    0.1078      1215       640    0.9565    0.8851    0.9368    0.5162   0.08031   0.07228         0
     42/99     10.2G   0.07715   0.03057         0    0.1077      1046       640    0.9553    0.8881     0.936    0.5201    0.0799   0.07128         0
     43/99     10.2G   0.07838   0.03079         0    0.1092       989       640    0.9496    0.8917    0.9343    0.5103   0.08002   0.07224         0
     44/99     10.2G   0.08205   0.03063         0    0.1127      1060       640     0.952    0.8881    0.9353    0.5174   0.08021   0.07142         0
     45/99     10.2G   0.07833    0.0312         0    0.1095      1018       640     0.958    0.8868    0.9376    0.5235   0.07983   0.07222         0
     46/99     10.2G   0.08038   0.03079         0    0.1112      1159       640    0.9556    0.8873    0.9372    0.5134   0.07997   0.07256         0
     47/99     10.2G   0.07891   0.03104         0      0.11       877       640    0.9587    0.8914    0.9371    0.5182    0.0799   0.07328         0
     48/99     10.2G   0.07823   0.02984         0    0.1081       574       640    0.9552    0.8857    0.9329    0.5228   0.07999   0.07313         0
     49/99     10.2G   0.07486    0.0305         0    0.1054       988       640    0.9568    0.8899    0.9379    0.5245   0.07973   0.07153         0
     50/99     10.2G   0.07705   0.03013         0    0.1072       661       640     0.961    0.8831    0.9375    0.5197   0.07974   0.07214         0
     51/99     10.2G   0.07696    0.0302         0    0.1072       661       640    0.9563    0.8978    0.9412    0.5272   0.07909   0.07395         0
     52/99     10.2G   0.07702   0.03029         0    0.1073       953       640     0.957     0.904    0.9448    0.5333   0.07896   0.07298         0
     53/99     10.2G   0.07556   0.03022         0    0.1058      1015       640    0.9589     0.892    0.9402    0.5254   0.07931   0.07276         0
     54/99     10.2G   0.07404   0.03053         0    0.1046      1158       640    0.9535    0.8932     0.935    0.5203   0.07942   0.07335         0
     55/99     10.2G   0.07731   0.02996         0    0.1073      1296       640    0.9559    0.9006     0.941      0.53   0.07919   0.07298         0
     56/99     10.2G   0.07404   0.03031         0    0.1044      1183       640    0.9551    0.9019    0.9417    0.5352   0.07901   0.07373         0
     57/99     10.2G   0.08179   0.03201         0    0.1138       952       640    0.9398    0.8652    0.9168    0.4881   0.08092   0.07261         0
     58/99     10.2G   0.07828   0.03106         0    0.1093      1391       640    0.9477    0.8847    0.9299    0.5186   0.07951   0.07481         0
     59/99     10.2G    0.0754   0.03093         0    0.1063      1117       640    0.9498     0.891    0.9334    0.5241   0.07913    0.0742         0
     60/99     10.2G   0.07773   0.03016         0    0.1079      1045       640    0.9517    0.8888    0.9341    0.5179   0.07919   0.07471         0
     61/99     10.2G   0.07782   0.03064         0    0.1085      1053       640    0.9506     0.897    0.9364    0.5211   0.07927   0.07327         0
     62/99     10.2G   0.07671   0.03001         0    0.1067       713       640    0.9537    0.8906    0.9359    0.5245   0.07907   0.07542         0
     63/99     10.2G   0.07589   0.03017         0    0.1061       663       640    0.9561    0.8996    0.9415    0.5295    0.0788   0.07376         0
     64/99     10.2G    0.0793   0.03017         0    0.1095      1034       640    0.9528    0.8986    0.9406    0.5308   0.07868   0.07452         0
     65/99     10.2G   0.08121   0.03043         0    0.1116      1134       640    0.9591    0.8954    0.9397     0.534   0.07854   0.07596         0
     66/99     10.2G   0.07757    0.0302         0    0.1078       839       640    0.9634    0.8968    0.9421    0.5389   0.07827   0.07586         0
     67/99     10.2G   0.07902   0.03019         0    0.1092       788       640    0.9558    0.9007    0.9424    0.5354   0.07837   0.07592         0
     68/99     10.2G   0.07699   0.03008         0    0.1071       901       640    0.9512    0.9024    0.9419    0.5324   0.07843   0.07541         0
     69/99     10.2G   0.07401   0.03086         0    0.1049      1250       640    0.9565    0.8969    0.9406    0.5311    0.0786   0.07571         0
     70/99     10.2G    0.0772   0.03045         0    0.1076      1273       640    0.9581    0.9007    0.9434    0.5398   0.07833   0.07573         0
     71/99     10.2G   0.07383   0.03094         0    0.1048       966       640    0.9588    0.8938    0.9389    0.5304   0.07866   0.07613         0
     72/99     10.2G   0.07847   0.03043         0    0.1089       801       640    0.9564    0.8942    0.9393      0.53   0.07857    0.0758         0
     73/99     10.2G   0.07448    0.0303         0    0.1048       776       640     0.954    0.9039    0.9418     0.541   0.07797   0.07645         0
     74/99     10.2G   0.07387   0.03083         0    0.1047      1266       640    0.9577    0.9023     0.943    0.5382   0.07802     0.076         0
     75/99     10.2G   0.07754   0.03037         0    0.1079      1158       640    0.9597    0.8989    0.9417    0.5372   0.07797   0.07672         0
     76/99     10.2G   0.07575   0.02947         0    0.1052       654       640    0.9606    0.8966    0.9399    0.5357   0.07813   0.07608         0
     77/99     10.2G   0.07519   0.03037         0    0.1056       974       640    0.9539    0.9042    0.9432    0.5392   0.07796   0.07605         0
     78/99     10.2G   0.06949   0.03068         0    0.1002       748       640     0.957    0.9033    0.9436    0.5365   0.07797   0.07623         0
     79/99     10.2G   0.07933   0.03031         0    0.1096       817       640    0.9581    0.9012    0.9424     0.537   0.07791   0.07698         0
     80/99     10.2G    0.0727   0.03026         0     0.103       842       640    0.9588    0.9047     0.945    0.5397    0.0778   0.07668         0
     81/99     10.2G    0.0747   0.03026         0     0.105       971       640    0.9584    0.9047    0.9429    0.5364   0.07796   0.07684         0
     82/99     10.2G    0.0714   0.03018         0    0.1016      1238       640    0.9627    0.9028    0.9443      0.54   0.07789   0.07712         0
     83/99     10.2G   0.07303   0.03005         0    0.1031       883       640    0.9571    0.9048    0.9435    0.5393     0.078    0.0764         0
     84/99     10.2G   0.07457   0.03112         0    0.1057       845       640     0.958    0.9058    0.9441    0.5395   0.07795   0.07639         0
     85/99     10.2G   0.07009   0.03023         0    0.1003       982       640    0.9611    0.9059    0.9449    0.5393   0.07789   0.07631         0
     86/99     10.2G   0.07389   0.02976         0    0.1036       748       640    0.9596    0.9061    0.9446    0.5418   0.07775   0.07677         0
     87/99     10.2G   0.07228   0.03076         0     0.103      1131       640    0.9624    0.9021    0.9447    0.5413   0.07777   0.07685         0
     88/99     10.2G   0.07044   0.03047         0    0.1009      1304       640    0.9605    0.9083    0.9463    0.5455   0.07749   0.07682         0
     89/99     10.2G   0.07141   0.03101         0    0.1024       752       640    0.9597    0.9061    0.9452    0.5434   0.07766    0.0764         0
     90/99     10.2G   0.07374   0.02984         0    0.1036       874       640    0.9636    0.9038    0.9461    0.5434   0.07762   0.07653         0
     91/99     10.2G   0.07372   0.03083         0    0.1045      1459       640    0.9634    0.9071    0.9466    0.5446   0.07752   0.07667         0
     92/99     10.2G    0.0776   0.03047         0    0.1081       597       640    0.9616    0.9049    0.9455    0.5426   0.07749   0.07702         0
     93/99     10.2G    0.0726   0.03038         0     0.103       868       640    0.9623    0.9036    0.9456    0.5405   0.07761   0.07635         0
     94/99     10.2G   0.06963   0.02957         0   0.09919       705       640    0.9622    0.9069    0.9463    0.5445   0.07756   0.07633         0
     95/99     10.2G   0.06705   0.02931         0   0.09635      1135       640    0.9631    0.9052    0.9468    0.5457   0.07743   0.07662         0
     96/99     10.2G   0.06913   0.03027         0   0.09939       877       640    0.9657    0.9039    0.9461    0.5442   0.07751   0.07675         0
     97/99     10.2G   0.07585   0.03007         0    0.1059       966       640    0.9654    0.9033    0.9465    0.5432   0.07767   0.07617         0
     98/99     10.2G   0.07114   0.03083         0     0.102       927       640    0.9623    0.9065    0.9461    0.5435   0.07763   0.07617         0
     99/99     10.2G   0.07065   0.02984         0    0.1005      1059       640    0.9627    0.9095    0.9489    0.5483   0.07736   0.07634         0
