      0/99     9.55G   0.08935    0.0226         0     0.112       992       640    0.3661    0.4034    0.2871   0.06072    0.1084   0.05411         0
      1/99     10.2G   0.08382   0.02751         0    0.1113       906       640    0.2819    0.3917    0.2176   0.04177    0.1239   0.06479         0
      2/99     10.2G   0.07733   0.03202         0    0.1093       922       640    0.4568    0.4956    0.4085   0.09186    0.1145   0.06695         0
      3/99     10.2G   0.07502   0.03222         0    0.1072      1020       640    0.4094    0.4305    0.3203   0.06897    0.1114   0.06189         0
      4/99     10.2G    0.0731   0.03265         0    0.1057      1243       640    0.7405    0.6449    0.6885    0.2185    0.1072    0.0608         0
      5/99     10.2G   0.07466   0.03224         0    0.1069      1338       640    0.5354    0.4822     0.447    0.1137    0.1099   0.06621         0
      6/99     10.2G    0.0739    0.0325         0    0.1064       814       640    0.7495    0.6616    0.6978    0.2312    0.1053   0.06134         0
      7/99     10.2G   0.07304   0.03324         0    0.1063       734       640    0.8379    0.7327    0.7861    0.3138    0.1035    0.0611         0
      8/99     10.2G   0.06977    0.0328         0    0.1026       997       640    0.8609    0.7418    0.8158    0.3287    0.1024   0.06499         0
      9/99     10.2G   0.06964    0.0325         0    0.1021       939       640    0.8782    0.7481    0.8281     0.363    0.1025   0.06493         0
     10/99     10.2G   0.07087   0.03248         0    0.1034       627       640    0.8885    0.7552    0.8322    0.3577    0.1016   0.06501         0
     11/99     10.2G    0.0706   0.03263         0    0.1032       900       640    0.8607    0.7737    0.8342    0.3428    0.1007   0.06531         0
     12/99     10.2G   0.06914   0.03287         0     0.102       992       640    0.8808    0.7769    0.8524    0.3721   0.09962   0.06848         0
     13/99     10.2G   0.06817   0.03234         0    0.1005      1075       640    0.9062    0.8154     0.892    0.4379   0.09866   0.06582         0
     14/99     10.2G   0.06925   0.03279         0     0.102       714       640    0.9014    0.8103    0.8803    0.4242   0.09923   0.06606         0
     15/99     10.2G   0.06829   0.03272         0     0.101       804       640    0.9324    0.8184     0.896    0.4484   0.09772   0.06375         0
     16/99     10.2G   0.06425   0.03215         0    0.0964      1125       640    0.9132    0.8279    0.8912    0.4351   0.09695   0.06828         0
     17/99     10.2G   0.06629   0.03231         0    0.0986      1151       640    0.9193    0.8331    0.8936    0.4326   0.09708   0.06687         0
     18/99     10.2G    0.0688    0.0326         0    0.1014       778       640    0.9286     0.814    0.8879    0.4364   0.09678   0.06699         0
     19/99     10.2G    0.0658    0.0316         0    0.0974      1411       640    0.9171     0.823    0.8957    0.4022   0.09636   0.06928         0
     20/99     10.2G    0.0682   0.03174         0   0.09994      1174       640     0.935    0.8321    0.9104    0.4629    0.0957   0.06661         0
     21/99     10.2G   0.06948   0.03233         0    0.1018      1017       640    0.9295    0.8381    0.9058    0.4502   0.09429   0.06825         0
     22/99     10.2G   0.07204   0.03268         0    0.1047       841       640    0.9267     0.832    0.9092    0.4543   0.09479   0.06885         0
     23/99     10.2G   0.07024   0.03215         0    0.1024      1114       640      0.93    0.8539    0.9143    0.4739    0.0943   0.06784         0
     24/99     10.2G   0.07089   0.03146         0    0.1023      1194       640    0.9376    0.8596    0.9155    0.4712    0.0941   0.06853         0
     25/99     10.2G   0.06769   0.03138         0   0.09907      1290       640    0.9331    0.8378    0.9023     0.447   0.09504   0.06785         0
     26/99     10.2G   0.06739    0.0309         0   0.09828      1314       640    0.9353    0.8681      0.92    0.4779   0.09336   0.07002         0
     27/99     10.2G   0.07139   0.03121         0    0.1026      1081       640    0.9386    0.8643    0.9226    0.4919   0.09314   0.06838         0
     28/99     10.2G   0.07241   0.03181         0    0.1042       884       640    0.9342    0.8685     0.915    0.4801   0.09374   0.06792         0
     29/99     10.2G    0.0721   0.03164         0    0.1037      1177       640    0.9416    0.8631    0.9229    0.4842   0.09263   0.06982         0
     30/99     10.2G   0.06613   0.03155         0   0.09768       632       640    0.9337    0.8634    0.9188    0.4805   0.09313   0.06729         0
     31/99     10.2G   0.06319   0.03179         0   0.09498       833       640    0.9342     0.868    0.9226    0.4728   0.09316   0.06898         0
     32/99     10.2G   0.06443   0.03175         0   0.09617       827       640    0.9382    0.8722    0.9204     0.484   0.09244    0.0703         0
     33/99     10.2G   0.06721   0.03191         0   0.09912       815       640    0.9457    0.8721    0.9249    0.4958   0.09227   0.06941         0
     34/99     10.2G   0.05993   0.03164         0   0.09157       722       640    0.9364    0.8678     0.923    0.4868   0.09201   0.07016         0
     35/99     10.2G   0.06954   0.03128         0    0.1008      1002       640    0.9416    0.8776    0.9254    0.4969   0.09199   0.06881         0
     36/99     10.2G   0.06468   0.03229         0   0.09697       867       640    0.9507     0.872      0.93    0.4948   0.09154   0.06947         0
     37/99     10.2G   0.06331    0.0318         0   0.09511       750       640    0.9516    0.8694    0.9277     0.498   0.09176   0.07011         0
     38/99     10.2G   0.06648   0.03142         0    0.0979      1015       640    0.9468    0.8723    0.9253    0.4965   0.09186   0.06938         0
     39/99     10.2G   0.06397   0.03209         0   0.09606      1089       640    0.9504    0.8803    0.9301    0.5077   0.09155   0.06902         0
     40/99     10.2G   0.06885   0.03104         0   0.09989      1033       640    0.9526    0.8757    0.9322    0.5112     0.091   0.07018         0
     41/99     10.2G   0.06643   0.03112         0   0.09755      1204       640    0.9555     0.881     0.933    0.5144   0.09113   0.06911         0
     42/99     10.2G   0.06643   0.03159         0   0.09803      1019       640    0.9451    0.8722    0.9301    0.4937   0.09167    0.0689         0
     43/99     10.2G   0.06497   0.03183         0    0.0968      1013       640    0.9523    0.8844    0.9349    0.5155   0.09061   0.06926         0
     44/99     10.2G   0.07206   0.03161         0    0.1037      1049       640    0.9472    0.8646    0.9217    0.4865    0.0918   0.07006         0
     45/99     10.2G   0.06396   0.03231         0   0.09627      1051       640     0.949    0.8758    0.9294    0.5047   0.09102   0.06973         0
     46/99     10.2G   0.06465   0.03144         0   0.09608      1171       640    0.9486    0.8846    0.9336    0.4998    0.0909   0.07023         0
     47/99     10.2G   0.06785   0.03198         0   0.09982       884       640    0.9508    0.8911    0.9364    0.5138   0.09049   0.07004         0
     48/99     10.2G   0.06638   0.03071         0   0.09708       559       640    0.9526    0.8862    0.9344    0.5203   0.09025   0.07127         0
     49/99     10.2G   0.06025   0.03165         0    0.0919       983       640    0.9559    0.8731    0.9299    0.5052   0.09076   0.06978         0
     50/99     10.2G    0.0636    0.0309         0    0.0945       664       640    0.9559     0.888    0.9365    0.5194   0.08989   0.07099         0
     51/99     10.2G   0.06368   0.03112         0    0.0948       667       640    0.9443    0.8932    0.9367    0.5092   0.09052   0.06983         0
     52/99     10.2G   0.06293   0.03129         0   0.09422       923       640    0.9618    0.8851    0.9391    0.5216   0.08985   0.07066         0
     53/99     10.2G   0.06365   0.03128         0   0.09493      1015       640    0.9567    0.8875    0.9375    0.5189   0.09001    0.0703         0
     54/99     10.2G   0.06349   0.03135         0   0.09484      1161       640    0.9533    0.8918    0.9357    0.5127   0.09028   0.07096         0
     55/99     10.2G   0.06453    0.0311         0   0.09563      1295       640    0.9579    0.8951    0.9398    0.5244   0.09014   0.07042         0
     56/99     10.2G   0.06529   0.03137         0   0.09666      1235       640    0.9521    0.9004    0.9402    0.5276   0.08991   0.07086         0
     57/99     10.2G   0.06518   0.03179         0   0.09697       965       640    0.9578    0.8931    0.9404    0.5224   0.09027   0.07131         0
     58/99     10.2G    0.0677   0.03118         0   0.09888      1371       640    0.9609    0.8948    0.9417    0.5342   0.09005   0.07149         0
     59/99     10.2G   0.06695   0.03123         0   0.09818      1117       640    0.9551    0.8932    0.9402    0.5221   0.09038   0.07079         0
     60/99     10.2G   0.06575   0.03073         0   0.09649      1054       640    0.9585    0.8936    0.9409    0.5275   0.09059   0.06977         0
     61/99     10.2G   0.06252   0.03137         0   0.09389      1043       640    0.9605    0.8962    0.9436    0.5327   0.08994   0.06939         0
     62/99     10.2G   0.06385   0.03074         0   0.09459       741       640     0.961    0.8956    0.9412    0.5302   0.08979   0.07131         0
     63/99     10.2G   0.06498   0.03102         0     0.096       668       640    0.9571    0.9002    0.9419    0.5319   0.08964   0.07049         0
     64/99     10.2G   0.06312   0.03106         0   0.09418      1073       640    0.9555    0.8922    0.9405    0.5289   0.08948   0.07161         0
     65/99     10.2G   0.06723    0.0312         0   0.09843      1140       640    0.9615    0.8926    0.9404    0.5311   0.08941   0.07231         0
     66/99     10.2G   0.06582   0.03096         0   0.09679       828       640    0.9603    0.8984    0.9423    0.5385   0.08905   0.07226         0
     67/99     10.2G   0.06469   0.03093         0   0.09562       798       640    0.9583     0.899    0.9429     0.532   0.08913   0.07138         0
     68/99     10.2G   0.06711   0.03099         0    0.0981       930       640    0.9651    0.8975    0.9446    0.5397   0.08901    0.0716         0
     69/99     10.2G   0.06312   0.03192         0   0.09505      1232       640     0.955    0.9024     0.943    0.5316   0.08933    0.0708         0
     70/99     10.2G   0.06679   0.03145         0   0.09823      1260       640     0.962    0.8999     0.944    0.5412   0.08875   0.07237         0
     71/99     10.2G   0.06724    0.0317         0   0.09895       945       640    0.9595     0.903    0.9442    0.5381   0.08884   0.07159         0
     72/99     10.2G   0.06242   0.03153         0   0.09395       802       640    0.9561     0.903    0.9434    0.5334   0.08886   0.07149         0
     73/99     10.2G   0.06608    0.0314         0   0.09748       817       640    0.9615    0.9028    0.9456    0.5441   0.08845   0.07232         0
     74/99     10.2G   0.06365   0.03168         0   0.09533      1299       640    0.9627    0.8991    0.9439    0.5362   0.08894   0.07195         0
     75/99     10.2G   0.06313    0.0313         0   0.09443      1161       640    0.9647    0.8953    0.9428    0.5362   0.08917   0.07177         0
     76/99     10.2G   0.06233   0.03019         0   0.09252       700       640    0.9615    0.9033    0.9444    0.5388   0.08886   0.07149         0
     77/99     10.2G   0.06586   0.03135         0   0.09721       985       640    0.9614    0.9022    0.9447    0.5411   0.08879   0.07166         0
     78/99     10.2G   0.06319   0.03168         0   0.09486       754       640    0.9619    0.9034    0.9449    0.5385   0.08875   0.07163         0
     79/99     10.2G   0.06875   0.03131         0    0.1001       805       640    0.9549     0.908    0.9451      0.54   0.08866   0.07201         0
     80/99     10.2G   0.06199   0.03106         0   0.09306       873       640    0.9548    0.9101     0.946     0.542   0.08847   0.07144         0
     81/99     10.2G   0.06374   0.03111         0   0.09486       965       640    0.9626    0.9041    0.9454    0.5416   0.08849   0.07133         0
     82/99     10.2G   0.06038   0.03098         0   0.09135      1235       640    0.9629    0.9031    0.9451     0.541   0.08858   0.07155         0
     83/99     10.2G    0.0642   0.03075         0   0.09495       888       640    0.9605    0.9052    0.9451    0.5411   0.08866   0.07148         0
     84/99     10.2G   0.05815   0.03187         0   0.09003       836       640    0.9644    0.9049    0.9458    0.5448   0.08832   0.07183         0
     85/99     10.2G   0.06428   0.03104         0   0.09532       984       640    0.9623    0.9046    0.9462     0.541   0.08836   0.07168         0
     86/99     10.2G   0.06219   0.03071         0    0.0929       792       640    0.9623     0.905     0.946    0.5438   0.08814   0.07176         0
     87/99     10.2G   0.06266   0.03184         0    0.0945      1128       640    0.9579    0.9062    0.9457    0.5433   0.08826   0.07168         0
     88/99     10.2G   0.06183   0.03139         0   0.09322      1331       640     0.965     0.903    0.9476     0.546     0.088   0.07136         0
     89/99     10.2G    0.0603     0.032         0   0.09229       731       640    0.9639    0.9038    0.9465    0.5427   0.08809   0.07159         0
     90/99     10.2G   0.06423   0.03085         0   0.09508       912       640     0.964    0.9061    0.9469    0.5463   0.08798   0.07169         0
     91/99     10.2G   0.06385   0.03176         0   0.09561      1505       640    0.9623    0.9068    0.9474    0.5443   0.08807   0.07174         0
     92/99     10.2G   0.06581   0.03145         0   0.09726       600       640    0.9648     0.905    0.9477    0.5452   0.08811    0.0714         0
     93/99     10.2G   0.06216   0.03118         0   0.09334       857       640    0.9621    0.9075    0.9475    0.5438   0.08815   0.07147         0
     94/99     10.2G   0.06487   0.03088         0   0.09575       711       640    0.9612    0.9083    0.9471    0.5454   0.08804   0.07143         0
     95/99     10.2G   0.06235   0.03031         0   0.09266      1148       640    0.9598    0.9093    0.9469    0.5448   0.08801   0.07133         0
     96/99     10.2G   0.06428   0.03127         0   0.09555       878       640    0.9599    0.9103    0.9475    0.5446   0.08794   0.07163         0
     97/99     10.2G    0.0657   0.03097         0   0.09667       953       640    0.9609     0.908    0.9469    0.5446   0.08794    0.0714         0
     98/99     10.2G   0.06366   0.03172         0   0.09538       963       640    0.9595    0.9093    0.9471    0.5471   0.08786    0.0713         0
     99/99     10.2G   0.06444   0.03108         0   0.09552      1087       640    0.9626    0.9066    0.9477    0.5463   0.08792   0.07131         0
