      0/99     9.55G   0.09045   0.02213         0    0.1126       995       640    0.3471    0.3777    0.2579   0.05534    0.1249   0.05422         0
      1/99     10.2G   0.07818    0.0265         0    0.1047       889       640    0.6533    0.6145    0.6057    0.1777    0.1062   0.05748         0
      2/99     10.2G   0.08614   0.03131         0    0.1174       900       640    0.6627    0.6285    0.6032    0.1863   0.09719   0.05878         0
      3/99     10.2G   0.08369   0.03077         0    0.1145      1025       640    0.7581    0.6573    0.7198    0.2283   0.09585   0.06387         0
      4/99     10.2G   0.08514   0.03079         0    0.1159      1241       640    0.8403    0.7174    0.8031    0.3127   0.09224   0.06288         0
      5/99     10.2G   0.08228   0.03013         0    0.1124      1317       640     0.824    0.7058    0.7897    0.2787   0.09538   0.06213         0
      6/99     10.2G   0.08523   0.03044         0    0.1157       793       640    0.8243    0.7271    0.7878    0.2758   0.09175   0.06239         0
      7/99     10.2G   0.08272   0.03061         0    0.1133       740       640    0.9025    0.7896    0.8659     0.394   0.08937   0.06047         0
      8/99     10.2G   0.08101   0.03031         0    0.1113       989       640    0.8893    0.8032    0.8688     0.367   0.08851   0.06135         0
      9/99     10.2G   0.08269   0.03045         0    0.1131       913       640    0.8929    0.7988    0.8738    0.4013   0.08768   0.06207         0
     10/99     10.2G   0.09101   0.03087         0    0.1219       625       640  0.002296  0.006775 0.0005156 8.054e-05    0.1546    0.7697         0
     11/99     10.2G   0.09518   0.03144         0    0.1266       855       640    0.3257    0.3999    0.2547   0.06001    0.1025   0.06095         0
     12/99     10.2G   0.09182   0.03333         0    0.1251       965       640    0.2503    0.2395    0.1424   0.03645    0.1041   0.07995         0
     13/99     10.2G    0.0914   0.03365         0    0.1251      1086       640    0.3138    0.2525    0.2101   0.05572    0.1044   0.07588         0
     14/99     10.2G   0.09235   0.03301         0    0.1254       690       640    0.6372    0.5377    0.5405    0.1572   0.09442   0.07812         0
     15/99     10.2G   0.08645    0.0331         0    0.1195       800       640    0.6909    0.5812    0.6115    0.1948   0.09148   0.07772         0
     16/99     10.2G   0.08638   0.03283         0    0.1192      1086       640    0.6509     0.577    0.5905    0.1871   0.09211   0.07972         0
     17/99     10.2G   0.08684   0.03318         0      0.12      1137       640    0.7096    0.6385    0.6725    0.2205   0.09018   0.07691         0
     18/99     10.2G   0.08648   0.03337         0    0.1198       826       640    0.7189    0.5769    0.6171    0.2037   0.09143   0.08188         0
     19/99     10.2G   0.09036    0.0325         0    0.1229      1349       640    0.7159    0.6046    0.6391    0.2258      0.09   0.08744         0
     20/99     10.2G   0.08672   0.03288         0    0.1196      1214       640    0.7506    0.6544    0.6984    0.2438    0.0902   0.07976         0
     21/99     10.2G   0.08481   0.03322         0     0.118      1034       640    0.6794    0.5769    0.5926     0.195   0.09082   0.08589         0
     22/99     10.2G   0.08653   0.03368         0    0.1202       840       640    0.7935    0.6765    0.7461    0.2815   0.08926     0.077         0
     23/99     10.2G   0.08515   0.03311         0    0.1183      1078       640    0.7963    0.6858    0.7428    0.2842   0.08857   0.07525         0
     24/99     10.2G   0.08479   0.03254         0    0.1173      1189       640    0.7987     0.682    0.7457    0.2859   0.08852   0.07521         0
     25/99     10.2G   0.08455   0.03243         0     0.117      1275       640    0.5264    0.3748    0.3728    0.1103   0.09634   0.06931         0
     26/99     10.2G   0.08704   0.03186         0    0.1189      1247       640    0.7007    0.5868    0.6239    0.2134   0.09002   0.08608         0
     27/99     10.2G   0.08467   0.03239         0    0.1171      1086       640    0.6976    0.5727    0.6145    0.2098   0.09244   0.06902         0
     28/99     10.2G   0.08422   0.03265         0    0.1169       905       640    0.8218    0.6973    0.7722    0.3071   0.08814   0.07432         0
     29/99     10.2G   0.08575   0.03253         0    0.1183      1239       640    0.8202    0.7015    0.7797    0.3065   0.08816   0.07374         0
     30/99     10.2G   0.08556   0.03275         0    0.1183       659       640    0.8251    0.7257    0.7919    0.3215   0.08691   0.07561         0
     31/99     10.2G   0.08472   0.03252         0    0.1172       805       640    0.8335    0.7169    0.7865    0.3127   0.08762   0.07232         0
     32/99     10.2G   0.08467   0.03262         0    0.1173       797       640    0.7436    0.5827    0.6496    0.2233   0.09188   0.06899         0
     33/99     10.2G   0.08364   0.03276         0    0.1164       837       640    0.8033    0.6816    0.7592    0.2991   0.08834   0.07073         0
     34/99     10.2G    0.0814   0.03269         0    0.1141       683       640     0.822    0.7159    0.7833    0.3136   0.08747   0.07175         0
     35/99     10.2G   0.08487   0.03226         0    0.1171      1010       640    0.8247    0.7188    0.7892    0.3188   0.08785   0.07007         0
     36/99     10.2G   0.08229   0.03286         0    0.1152       858       640    0.8245    0.7281    0.7948    0.3294   0.08696    0.0726         0
     37/99     10.2G   0.08344   0.03262         0    0.1161       762       640    0.8247     0.712    0.7803     0.312   0.08796   0.06982         0
     38/99     10.2G   0.08519   0.03246         0    0.1177       996       640    0.8684    0.7259    0.8145    0.3473   0.08701   0.07045         0
     39/99     10.2G   0.08264   0.03314         0    0.1158      1097       640    0.8407    0.7391    0.8029     0.333   0.08728    0.0704         0
     40/99     10.2G    0.0833   0.03182         0    0.1151      1046       640    0.8539    0.7561    0.8172    0.3479   0.08661   0.07035         0
     41/99     10.2G   0.08301    0.0319         0    0.1149      1215       640    0.8664    0.7484    0.8244    0.3511   0.08621   0.07243         0
     42/99     10.2G   0.08346   0.03215         0    0.1156      1046       640     0.878    0.7584    0.8339    0.3708   0.08567   0.07166         0
     43/99     10.2G   0.08236   0.03247         0    0.1148       989       640    0.8555    0.7497    0.8191    0.3503   0.08601   0.07181         0
     44/99     10.2G    0.0848   0.03211         0    0.1169      1060       640    0.8773     0.761    0.8329    0.3671   0.08566   0.07106         0
     45/99     10.2G   0.08322   0.03289         0    0.1161      1018       640    0.8093    0.6804    0.7458    0.2866   0.08748   0.08243         0
     46/99     10.2G    0.0843   0.03244         0    0.1167      1159       640    0.8798    0.7607    0.8351    0.3712   0.08541    0.0726         0
     47/99     10.2G   0.08442   0.03249         0    0.1169       877       640    0.8848    0.7669    0.8406    0.3746    0.0857   0.07192         0
     48/99     10.2G   0.08485   0.03119         0     0.116       574       640    0.8879    0.7771     0.849      0.39   0.08526   0.07187         0
     49/99     10.2G   0.07948   0.03207         0    0.1116       988       640    0.8856    0.7731    0.8451    0.3803    0.0853   0.07156         0
     50/99     10.2G   0.08171   0.03151         0    0.1132       661       640    0.8878    0.7802     0.854    0.3946   0.08471   0.07316         0
     51/99     10.2G   0.08235   0.03164         0     0.114       661       640    0.8776    0.7741    0.8446    0.3768    0.0858   0.07051         0
     52/99     10.2G   0.08303   0.03172         0    0.1148       953       640    0.8839    0.7738    0.8481    0.3802   0.08531   0.07142         0
     53/99     10.2G   0.07953    0.0316         0    0.1111      1015       640    0.8863    0.7906    0.8597    0.3947   0.08473   0.07123         0
     54/99     10.2G   0.08007   0.03196         0     0.112      1158       640    0.8948    0.7828    0.8571    0.3983   0.08481   0.07111         0
     55/99     10.2G   0.08097   0.03157         0    0.1125      1296       640    0.8644    0.7617    0.8313    0.3566     0.086   0.07143         0
     56/99     10.2G   0.07898   0.03161         0    0.1106      1183       640    0.8989    0.7764    0.8569    0.3945   0.08444   0.07189         0
     57/99     10.2G    0.0846   0.03206         0    0.1167       952       640    0.8989     0.786    0.8641    0.4057    0.0843    0.0714         0
     58/99     10.2G   0.08274    0.0317         0    0.1144      1391       640    0.9042    0.7995    0.8692    0.4115   0.08351   0.07296         0
     59/99     10.2G   0.08095   0.03161         0    0.1126      1117       640    0.9056     0.799    0.8734    0.4213   0.08356   0.07291         0
     60/99     10.2G    0.0818   0.03098         0    0.1128      1045       640    0.8927    0.7878    0.8599    0.3937   0.08451   0.07187         0
     61/99     10.2G   0.08323   0.03166         0    0.1149      1053       640    0.9028     0.789    0.8655     0.406   0.08439   0.07094         0
     62/99     10.2G   0.08126   0.03108         0    0.1123       713       640    0.9038    0.7932    0.8692    0.4074   0.08436   0.07141         0
     63/99     10.2G    0.0812   0.03137         0    0.1126       663       640     0.903    0.8054    0.8772    0.4196   0.08363   0.07141         0
     64/99     10.2G   0.08248   0.03122         0    0.1137      1034       640    0.9103    0.8039    0.8797    0.4234   0.08349   0.07232         0
     65/99     10.2G   0.08534   0.03164         0     0.117      1134       640    0.9071    0.7941    0.8715    0.4143   0.08426   0.07122         0
     66/99     10.2G   0.08358   0.03121         0    0.1148       839       640     0.908    0.8054    0.8785    0.4245   0.08368     0.072         0
     67/99     10.2G   0.08331   0.03135         0    0.1147       788       640    0.9096    0.8074    0.8804    0.4265   0.08339   0.07174         0
     68/99     10.2G    0.0809   0.03117         0    0.1121       901       640    0.9194    0.8039    0.8837    0.4286   0.08317   0.07178         0
     69/99     10.2G   0.07758   0.03201         0    0.1096      1250       640    0.9135    0.7971    0.8787    0.4193   0.08358   0.07122         0
     70/99     10.2G   0.08203   0.03164         0    0.1137      1273       640    0.9129    0.8006    0.8794    0.4216   0.08351   0.07155         0
     71/99     10.2G   0.08059   0.03206         0    0.1127       966       640     0.914    0.8061    0.8827    0.4292   0.08336   0.07136         0
     72/99     10.2G   0.08303   0.03157         0    0.1146       801       640    0.9116    0.8067    0.8808     0.428   0.08348   0.07108         0
     73/99     10.2G   0.08064   0.03161         0    0.1123       776       640    0.9085      0.81    0.8825    0.4267   0.08341   0.07068         0
     74/99     10.2G   0.08164   0.03208         0    0.1137      1266       640    0.9169    0.8129    0.8881    0.4364   0.08282   0.07219         0
     75/99     10.2G   0.08069   0.03147         0    0.1122      1158       640    0.9104     0.815    0.8867    0.4343   0.08286   0.07216         0
     76/99     10.2G   0.08136   0.03069         0    0.1121       654       640    0.9239    0.8132     0.892    0.4436   0.08269   0.07191         0
     77/99     10.2G   0.07973   0.03158         0    0.1113       974       640    0.9175    0.8171    0.8905    0.4404   0.08277   0.07139         0
     78/99     10.2G   0.07681   0.03196         0    0.1088       748       640    0.9192    0.8154     0.892    0.4404   0.08276   0.07173         0
     79/99     10.2G   0.08453   0.03139         0    0.1159       817       640    0.9144    0.8227    0.8928    0.4438   0.08267   0.07171         0
     80/99     10.2G   0.07947   0.03129         0    0.1108       842       640     0.928    0.8137    0.8946    0.4464   0.08256   0.07124         0
     81/99     10.2G   0.07926   0.03136         0    0.1106       971       640    0.9194    0.8166    0.8916    0.4406   0.08277    0.0712         0
     82/99     10.2G    0.0783   0.03113         0    0.1094      1238       640    0.9205    0.8119     0.889    0.4364   0.08305   0.07112         0
     83/99     10.2G   0.07838   0.03114         0    0.1095       883       640    0.9223    0.8219    0.8955    0.4471   0.08253   0.07126         0
     84/99     10.2G   0.08152   0.03214         0    0.1137       845       640    0.9242    0.8212    0.8967    0.4505   0.08234   0.07158         0
     85/99     10.2G   0.07787   0.03126         0    0.1091       982       640    0.9183    0.8261    0.8953    0.4471   0.08249   0.07126         0
     86/99     10.2G   0.08301   0.03077         0    0.1138       748       640    0.9192    0.8287    0.8974    0.4515   0.08234   0.07142         0
     87/99     10.2G   0.08072   0.03193         0    0.1126      1131       640    0.9154    0.8335    0.8979    0.4538    0.0822   0.07144         0
     88/99     10.2G    0.0808   0.03148         0    0.1123      1304       640    0.9224    0.8278    0.8985    0.4536   0.08213   0.07124         0
     89/99     10.2G   0.08085   0.03192         0    0.1128       752       640    0.9245    0.8236    0.8979    0.4509   0.08238   0.07061         0
     90/99     10.2G   0.08135   0.03086         0    0.1122       874       640    0.9303    0.8224    0.8994    0.4552   0.08218   0.07102         0
     91/99     10.2G   0.08342   0.03197         0    0.1154      1459       640    0.9177    0.8303    0.8981    0.4513    0.0823   0.07093         0
     92/99     10.2G   0.08316   0.03151         0    0.1147       597       640    0.9201    0.8296    0.8982    0.4515    0.0823   0.07129         0
     93/99     10.2G   0.07977   0.03143         0    0.1112       868       640    0.9289     0.827    0.9007    0.4539   0.08209    0.0711         0
     94/99     10.2G   0.07716   0.03077         0    0.1079       705       640    0.9247    0.8303    0.9011    0.4558   0.08198   0.07126         0
     95/99     10.2G   0.07961   0.03043         0      0.11      1135       640    0.9133    0.8359    0.8991    0.4516   0.08211   0.07119         0
     96/99     10.2G   0.07934   0.03143         0    0.1108       877       640    0.9176    0.8383    0.9012    0.4562   0.08197   0.07138         0
     97/99     10.2G   0.08016   0.03124         0    0.1114       966       640    0.9205    0.8295    0.8986    0.4526   0.08214    0.0711         0
     98/99     10.2G   0.08235   0.03192         0    0.1143       927       640    0.9313    0.8242    0.8995     0.456   0.08195    0.0712         0
     99/99     10.2G   0.07738   0.03108         0    0.1085      1059       640    0.9192    0.8393    0.9029    0.4605   0.08164   0.07134         0
