      0/99     9.55G    0.0907   0.02211         0    0.1128       954       640    0.3778    0.3941    0.2742   0.05577    0.1156   0.05174         0
      1/99     10.2G   0.08898   0.02645         0    0.1154       886       640    0.6033     0.568     0.528    0.1342    0.1043   0.05033         0
      2/99     10.2G   0.08535   0.03145         0    0.1168       955       640    0.5969    0.5728    0.5435    0.1408    0.1013   0.05407         0
      3/99     10.2G   0.08486   0.03061         0    0.1155       926       640    0.7314     0.654    0.6982    0.2295   0.09453   0.06089         0
      4/99     10.2G   0.08592   0.03036         0    0.1163      1226       640    0.8532    0.7511    0.8178     0.338   0.09153   0.06085         0
      5/99     10.2G   0.08217   0.03006         0    0.1122      1298       640     0.883    0.7671    0.8451     0.353    0.0913   0.05993         0
      6/99     10.2G   0.08291   0.03025         0    0.1132       787       640    0.8832     0.773     0.833    0.3246   0.09104   0.06312         0
      7/99     10.2G   0.08055   0.03049         0     0.111       777       640    0.8854    0.7786    0.8639    0.3992   0.08922   0.06482         0
      8/99     10.2G   0.08088   0.03031         0    0.1112      1024       640    0.8671    0.7845    0.8424    0.3523   0.08968   0.06466         0
      9/99     10.2G     0.081   0.03032         0    0.1113       919       640    0.8949      0.81    0.8737     0.388   0.08844   0.06096         0
     10/99     10.2G    0.0802   0.03017         0    0.1104       635       640    0.9133    0.7931    0.8797    0.4091   0.08767   0.06276         0
     11/99     10.2G   0.08101   0.03078         0    0.1118       814       640    0.9278    0.7968    0.8808    0.3899   0.08714   0.06372         0
     12/99     10.2G   0.07986   0.03081         0    0.1107       970       640    0.9172    0.8082    0.8799    0.4146    0.0865   0.06453         0
     13/99     10.2G   0.08131    0.0305         0    0.1118      1144       640    0.9135    0.8438    0.9066    0.4568   0.08598   0.06462         0
     14/99     10.2G   0.08037   0.03081         0    0.1112       698       640    0.9182    0.8199    0.8955    0.4264   0.08621   0.06724         0
     15/99     10.2G    0.0788   0.03099         0    0.1098       779       640    0.9381     0.836    0.9052    0.4489   0.08529   0.06291         0
     16/99     10.2G    0.0776   0.03056         0    0.1082      1036       640    0.9252    0.8402    0.8987    0.4522   0.08506   0.06525         0
     17/99     10.2G   0.07716   0.03063         0    0.1078      1137       640    0.9291    0.8472    0.9084    0.4608   0.08501   0.06584         0
     18/99     10.2G   0.07765   0.03103         0    0.1087       792       640    0.9326    0.8525    0.9128    0.4714   0.08504    0.0639         0
     19/99     10.2G   0.07862   0.02993         0    0.1086      1325       640    0.9295    0.8501     0.907    0.4677   0.08484   0.06507         0
     20/99     10.2G   0.08006   0.03069         0    0.1107      1203       640    0.9351    0.8481    0.9063    0.4689   0.08458   0.06534         0
     21/99     10.2G   0.07985   0.03112         0     0.111       990       640    0.9296    0.8461    0.9061    0.4396   0.08547   0.06203         0
     22/99     10.2G   0.07707   0.03149         0    0.1086       814       640    0.9353    0.8725    0.9233    0.4876   0.08408   0.06191         0
     23/99     10.2G   0.07845   0.03122         0    0.1097      1150       640    0.9298    0.8516    0.9129    0.4647   0.08426   0.06066         0
     24/99     10.2G   0.07543   0.03051         0    0.1059      1078       640    0.9431    0.8737    0.9261    0.4813   0.08352   0.06176         0
     25/99     10.2G   0.07725    0.0304         0    0.1076      1311       640    0.9424    0.8607    0.9175    0.4718   0.08388   0.06346         0
     26/99     10.2G   0.08131    0.0299         0    0.1112      1194       640    0.9397    0.8717    0.9261    0.4855   0.08306   0.06297         0
     27/99     10.2G    0.0804   0.03025         0    0.1107      1110       640    0.9505    0.8663    0.9201    0.4971   0.08303   0.06458         0
     28/99     10.2G   0.07885   0.03034         0    0.1092       854       640    0.9513    0.8758    0.9306    0.5052   0.08295   0.06294         0
     29/99     10.2G   0.08055   0.03045         0     0.111      1153       640    0.9561    0.8751    0.9332    0.5058   0.08243   0.06279         0
     30/99     10.2G   0.08048   0.03054         0     0.111       678       640    0.9469    0.8746    0.9279    0.4966   0.08305   0.06242         0
     31/99     10.2G   0.07883   0.03047         0    0.1093       815       640    0.9531    0.8823    0.9352    0.5089   0.08215   0.06378         0
     32/99     10.2G   0.07741   0.03046         0    0.1079       851       640    0.9527     0.881    0.9332    0.5055   0.08188   0.06426         0
     33/99     10.2G   0.07966   0.03074         0    0.1104       814       640    0.9541    0.8871    0.9377    0.5179   0.08141   0.06582         0
     34/99     10.2G    0.0737   0.03074         0    0.1044       713       640    0.9493    0.8836    0.9328    0.5125   0.08173   0.06559         0
     35/99     10.2G   0.07911   0.03019         0    0.1093       999       640    0.9432    0.8853    0.9333    0.5024   0.08198   0.06427         0
     36/99     10.2G   0.07712   0.03076         0    0.1079       900       640    0.9454    0.8886    0.9352    0.5117   0.08164   0.06454         0
     37/99     10.2G   0.07884   0.03049         0    0.1093       732       640     0.962    0.8869    0.9385     0.525   0.08096   0.06629         0
     38/99     10.2G   0.07767   0.03025         0    0.1079      1018       640    0.9561    0.8818    0.9366    0.5158   0.08119   0.06726         0
     39/99     10.2G   0.08047   0.03094         0    0.1114      1074       640    0.9542    0.8926     0.939    0.5245   0.08105   0.06503         0
     40/99     10.2G   0.07711   0.02987         0     0.107       947       640    0.9603    0.8908    0.9392    0.5229   0.08108   0.06524         0
     41/99     10.2G   0.07679   0.03003         0    0.1068      1207       640    0.9596    0.8907    0.9409    0.5273   0.08061   0.06654         0
     42/99     10.2G   0.07796   0.03032         0    0.1083      1061       640    0.9556    0.8946    0.9396    0.5244   0.08053   0.06588         0
     43/99     10.2G    0.0775   0.03064         0    0.1081      1001       640    0.9557    0.8942    0.9402    0.5191   0.08079   0.06603         0
     44/99     10.2G   0.08123   0.03029         0    0.1115      1044       640    0.9582     0.887     0.938    0.5214   0.08102    0.0659         0
     45/99     10.2G   0.07883   0.03096         0    0.1098      1098       640    0.9535    0.8934    0.9387    0.5248   0.08072   0.06598         0
     46/99     10.2G   0.07882   0.03023         0    0.1091      1171       640    0.9606    0.8946    0.9421    0.5246   0.08054   0.06721         0
     47/99     10.2G   0.07808    0.0306         0    0.1087       839       640    0.9593    0.9002    0.9449    0.5327   0.08024   0.06762         0
     48/99     10.2G   0.07718   0.02932         0    0.1065       598       640    0.9522     0.891    0.9413    0.5276   0.08039   0.06826         0
     49/99     10.2G   0.07619    0.0303         0    0.1065       977       640    0.9568    0.9011    0.9441    0.5352   0.08018   0.06603         0
     50/99     10.2G   0.07741   0.02977         0    0.1072       594       640      0.96    0.8965    0.9429    0.5325   0.08019   0.06752         0
     51/99     10.2G   0.08036   0.03003         0    0.1104       661       640    0.9596    0.8988    0.9442    0.5322   0.08009   0.06756         0
     52/99     10.2G   0.07686   0.02976         0    0.1066       977       640    0.9589    0.9012    0.9454    0.5367   0.07997   0.06779         0
     53/99     10.2G   0.07535   0.02994         0    0.1053      1003       640    0.9562    0.9013    0.9452    0.5342   0.08007   0.06679         0
     54/99     10.2G   0.07607   0.03036         0    0.1064      1176       640    0.9604    0.9001    0.9433    0.5319   0.07979   0.06822         0
     55/99     10.2G    0.0779   0.02963         0    0.1075      1255       640    0.9568     0.902    0.9431     0.536   0.08013   0.06863         0
     56/99     10.2G    0.0772   0.03009         0    0.1073      1224       640    0.9645    0.9016     0.946    0.5419   0.07962   0.06759         0
     57/99     10.2G   0.07922   0.03049         0    0.1097       888       640    0.9683    0.8958    0.9468    0.5389   0.07979   0.06787         0
     58/99     10.2G   0.08022   0.03012         0    0.1103      1440       640    0.9603    0.9016    0.9456     0.539   0.07953   0.06882         0
     59/99     10.2G   0.07836   0.02991         0    0.1083      1186       640    0.9613    0.9054     0.948    0.5418   0.07952   0.06735         0
     60/99     10.2G   0.07649    0.0294         0    0.1059      1066       640    0.9657    0.9033    0.9478    0.5455   0.07931   0.06801         0
     61/99     10.2G    0.0792   0.03003         0    0.1092      1082       640    0.9682    0.9026    0.9488    0.5457   0.07927   0.06833         0
     62/99     10.2G   0.07529   0.02943         0    0.1047       708       640    0.9633    0.9076    0.9489    0.5456   0.07902   0.06936         0
     63/99     10.2G   0.07661   0.02968         0    0.1063       639       640    0.9596    0.9121    0.9491    0.5443   0.07927   0.06799         0
     64/99     10.2G   0.07934    0.0295         0    0.1088      1039       640     0.964    0.9026    0.9489    0.5453   0.07915   0.06803         0
     65/99     10.2G   0.08023   0.03003         0    0.1103      1075       640     0.966    0.9037    0.9486     0.546   0.07901   0.06992         0
     66/99     10.2G   0.07766   0.02986         0    0.1075       884       640    0.9629    0.9083    0.9495    0.5498   0.07887   0.06984         0
     67/99     10.2G   0.07846   0.02962         0    0.1081       800       640    0.9627    0.9063     0.949    0.5438   0.07891   0.06913         0
     68/99     10.2G   0.07441   0.02991         0    0.1043       886       640     0.965    0.9079    0.9506    0.5503   0.07866   0.06979         0
     69/99     10.2G   0.07566   0.03073         0    0.1064      1218       640    0.9602     0.908    0.9488    0.5444   0.07887   0.06921         0
     70/99     10.2G   0.07798   0.02996         0    0.1079      1224       640    0.9635    0.9084    0.9504    0.5513   0.07853    0.0693         0
     71/99     10.2G   0.07448   0.03054         0     0.105       959       640    0.9647    0.9101    0.9506    0.5479    0.0787   0.06913         0
     72/99     10.2G   0.07924   0.02994         0    0.1092       797       640     0.958    0.9104    0.9486    0.5425   0.07887   0.06927         0
     73/99     10.2G   0.07346   0.02983         0    0.1033       777       640    0.9642    0.9107    0.9511    0.5509   0.07849   0.06961         0
     74/99     10.2G   0.07723   0.03038         0    0.1076      1283       640    0.9592    0.9136    0.9507    0.5488   0.07843   0.06955         0
     75/99     10.2G   0.07762   0.02989         0    0.1075      1163       640    0.9605    0.9124    0.9514    0.5504   0.07851   0.06959         0
     76/99     10.2G   0.07754   0.02891         0    0.1065       668       640    0.9635    0.9113    0.9509    0.5513   0.07854   0.06893         0
     77/99     10.2G   0.07649   0.02983         0    0.1063       999       640    0.9629    0.9119    0.9518    0.5526   0.07856   0.06876         0
     78/99     10.2G   0.07187   0.03025         0    0.1021       741       640    0.9657     0.911    0.9522    0.5507   0.07862   0.06876         0
     79/99     10.2G   0.07955   0.02996         0    0.1095       775       640    0.9665    0.9078    0.9504    0.5488   0.07866   0.06911         0
     80/99     10.2G   0.07702   0.02981         0    0.1068       808       640    0.9636    0.9125    0.9526    0.5523   0.07843   0.06859         0
     81/99     10.2G   0.07518   0.02987         0     0.105       969       640    0.9629    0.9146     0.953    0.5532   0.07838   0.06856         0
     82/99     10.2G   0.07548   0.02976         0    0.1052      1219       640    0.9671    0.9111    0.9524    0.5516   0.07844   0.06918         0
     83/99     10.2G   0.07428   0.02956         0    0.1038       898       640    0.9656    0.9122    0.9525    0.5524   0.07826     0.069         0
     84/99     10.2G   0.07613   0.03079         0    0.1069       838       640    0.9672     0.909    0.9523    0.5526   0.07828   0.06916         0
     85/99     10.2G   0.07543   0.02972         0    0.1051      1005       640    0.9665     0.912    0.9529    0.5515   0.07835   0.06931         0
     86/99     10.2G   0.07902   0.02922         0    0.1082       719       640    0.9609    0.9165    0.9532    0.5535   0.07825   0.06973         0
     87/99     10.2G   0.07641   0.03036         0    0.1068      1096       640    0.9611    0.9154    0.9525    0.5531   0.07827   0.06954         0
     88/99     10.2G   0.07428    0.0301         0    0.1044      1257       640    0.9668    0.9144    0.9535    0.5568   0.07809   0.06945         0
     89/99     10.2G   0.07581   0.03042         0    0.1062       785       640    0.9671    0.9128    0.9539    0.5551   0.07813   0.06937         0
     90/99     10.2G   0.07857   0.02952         0    0.1081       840       640    0.9653    0.9155    0.9539    0.5551   0.07809   0.06938         0
     91/99     10.2G   0.07623   0.03039         0    0.1066      1430       640    0.9643    0.9162    0.9535    0.5553     0.078   0.06951         0
     92/99     10.2G   0.07864   0.03021         0    0.1089       600       640    0.9606    0.9179    0.9531    0.5542   0.07813    0.0692         0
     93/99     10.2G   0.07566   0.02994         0    0.1056       866       640    0.9642    0.9156    0.9535    0.5548   0.07811   0.06907         0
     94/99     10.2G   0.07559   0.02927         0    0.1049       674       640    0.9647    0.9157    0.9541    0.5552   0.07807   0.06916         0
     95/99     10.2G   0.07515   0.02899         0    0.1041      1120       640     0.964    0.9159    0.9532    0.5536   0.07807   0.06928         0
     96/99     10.2G   0.07517   0.02984         0     0.105       872       640    0.9651    0.9162    0.9542    0.5558   0.07797   0.06953         0
     97/99     10.2G   0.07501   0.02951         0    0.1045       952       640    0.9644    0.9151    0.9536    0.5552   0.07799   0.06963         0
     98/99     10.2G   0.07687   0.03041         0    0.1073       925       640    0.9638     0.917    0.9536     0.556   0.07798   0.06992         0
     99/99     10.2G   0.07434   0.02958         0    0.1039      1093       640    0.9685    0.9138    0.9542    0.5576   0.07791   0.06989         0
