      0/99     9.55G    0.0913   0.02216         0    0.1135       995       640    0.2506    0.2501    0.1395   0.02746    0.1217   0.06897         0
      1/99     10.2G   0.07706   0.02603         0    0.1031       889       640    0.5787      0.54    0.5181    0.1357    0.1048   0.06132         0
      2/99     10.2G   0.07738   0.03054         0    0.1079       900       640    0.5205    0.5915     0.511    0.1392    0.1053   0.06107         0
      3/99     10.2G   0.06688   0.03085         0   0.09773      1025       640    0.7571    0.6493    0.7146    0.2441   0.09602   0.06885         0
      4/99     10.2G    0.0691   0.03073         0   0.09982      1241       640    0.7865    0.6761    0.7518    0.2705   0.09601   0.06327         0
      5/99     10.2G    0.0719   0.03031         0    0.1022      1317       640    0.8049    0.7211    0.7919     0.295   0.09362    0.0639         0
      6/99     10.2G   0.07186   0.03021         0    0.1021       793       640    0.7745    0.6961    0.7633    0.2545   0.09367    0.0647         0
      7/99     10.2G   0.06532   0.03044         0   0.09577       740       640    0.9034      0.78    0.8728    0.4014   0.09108   0.06381         0
      8/99     10.2G   0.06779   0.03003         0   0.09782       989       640    0.9065    0.8041    0.8814    0.4097   0.08913   0.06548         0
      9/99     10.2G   0.08378   0.03044         0    0.1142       913       640    0.9196    0.7955    0.8774    0.4079   0.08762   0.06332         0
     10/99     10.2G   0.08292   0.03008         0     0.113       625       640    0.9316    0.7997    0.8838    0.4245   0.08742   0.06408         0
     11/99     10.2G   0.08108   0.03054         0    0.1116       855       640    0.9089    0.8132    0.8782    0.3957    0.0875   0.06518         0
     12/99     10.2G   0.08072   0.03078         0    0.1115       965       640    0.9056    0.8063    0.8796    0.3811   0.08789   0.06171         0
     13/99     10.2G   0.08138   0.03053         0    0.1119      1086       640    0.8902    0.8024     0.874    0.4075   0.08773   0.06549         0
     14/99     10.2G   0.08436   0.03055         0    0.1149       690       640    0.9032    0.8381    0.8982    0.4422   0.08629   0.06754         0
     15/99     10.2G   0.07889   0.03089         0    0.1098       800       640      0.92    0.8331    0.8924    0.4406   0.08569   0.06396         0
     16/99     10.2G   0.07815   0.03051         0    0.1087      1086       640    0.9274    0.8485    0.9068    0.4558   0.08475   0.06843         0
     17/99     10.2G     0.079   0.03088         0    0.1099      1137       640    0.9091    0.8401    0.8934    0.4296   0.08537   0.06796         0
     18/99     10.2G   0.07986   0.03144         0    0.1113       826       640    0.9209    0.8488     0.908    0.4512    0.0849   0.06557         0
     19/99     10.2G    0.0823    0.0307         0     0.113      1349       640     0.928    0.8493     0.905    0.4648   0.08502    0.0654         0
     20/99     10.2G   0.08239   0.03083         0    0.1132      1214       640     0.915    0.8394    0.8924     0.442   0.08469   0.06716         0
     21/99     10.2G   0.07885   0.03137         0    0.1102      1034       640    0.9188    0.8469    0.9009    0.4226   0.08443   0.06556         0
     22/99     10.2G   0.07765   0.03203         0    0.1097       840       640    0.9174    0.8083    0.8741    0.4327   0.08546   0.06931         0
     23/99     10.2G   0.08001   0.03139         0    0.1114      1078       640    0.9314    0.8328    0.9078    0.4562   0.08346    0.0656         0
     24/99     10.2G   0.07835    0.0311         0    0.1095      1189       640    0.8925    0.7938    0.8456    0.3729   0.08809   0.06811         0
     25/99     10.2G   0.07864   0.03096         0    0.1096      1275       640    0.9384    0.8429    0.9087    0.4695   0.08335   0.06513         0
     26/99     10.2G   0.08063   0.03052         0    0.1111      1247       640    0.8671    0.7663    0.8523    0.3883   0.08512   0.06775         0
     27/99     10.2G   0.08031    0.0306         0    0.1109      1086       640    0.9316    0.8657    0.9164     0.488   0.08286   0.06444         0
     28/99     10.2G   0.08132   0.03087         0    0.1122       905       640    0.9248    0.8509    0.9109    0.4685   0.08309   0.06519         0
     29/99     10.2G   0.08018   0.03093         0    0.1111      1239       640    0.9359      0.86     0.916    0.4779   0.08306   0.06666         0
     30/99     10.2G   0.08184   0.03103         0    0.1129       659       640    0.9331    0.8511    0.9096     0.473   0.08303   0.06826         0
     31/99     10.2G    0.0807   0.03115         0    0.1118       805       640    0.9362    0.8545    0.9086    0.4617   0.08392    0.0684         0
     32/99     10.2G   0.07973   0.03106         0    0.1108       797       640    0.9427     0.853    0.9089    0.4802   0.08202   0.06669         0
     33/99     10.2G   0.07774   0.03114         0    0.1089       837       640    0.9423    0.8543    0.9158    0.4888    0.0818   0.06717         0
     34/99     10.2G   0.07404   0.03094         0     0.105       683       640    0.9425    0.8718    0.9263    0.4998   0.08165   0.06822         0
     35/99     10.2G    0.0787   0.03051         0    0.1092      1010       640     0.933    0.8711    0.9228    0.4837   0.08174   0.06749         0
     36/99     10.2G   0.07692   0.03135         0    0.1083       858       640    0.9372    0.8593    0.9153    0.4877   0.08152   0.06864         0
     37/99     10.2G   0.07892   0.03089         0    0.1098       762       640     0.946    0.8733    0.9265    0.5015   0.08102   0.07057         0
     38/99     10.2G   0.07869   0.03053         0    0.1092       996       640    0.9415    0.8801     0.928     0.507   0.08105   0.06926         0
     39/99     10.2G   0.08041   0.03158         0     0.112      1097       640    0.9321    0.8775    0.9244    0.5031   0.08114   0.07064         0
     40/99     10.2G   0.08148   0.03054         0     0.112      1046       640     0.947    0.8788    0.9291    0.5041   0.08097   0.06988         0
     41/99     10.2G    0.0781    0.0307         0    0.1088      1215       640    0.8176    0.6355    0.7279    0.3418   0.08552   0.07748         0
     42/99     10.2G   0.08025   0.03103         0    0.1113      1046       640    0.9369    0.8611    0.9174    0.4913   0.08119   0.07437         0
     43/99     10.2G    0.0773   0.03109         0    0.1084       989       640    0.9463    0.8803    0.9298    0.5017   0.08032   0.07015         0
     44/99     10.2G    0.0814   0.03089         0    0.1123      1060       640    0.9505    0.8836    0.9325    0.5146    0.0802   0.07115         0
     45/99     10.2G   0.07762   0.03149         0    0.1091      1018       640    0.9371      0.87    0.9211      0.49   0.08112   0.07017         0
     46/99     10.2G   0.07807   0.03106         0    0.1091      1159       640    0.9433    0.8717    0.9263    0.4981   0.08062   0.07086         0
     47/99     10.2G   0.07585   0.03134         0    0.1072       877       640    0.9458    0.8805    0.9272     0.509   0.07998   0.07229         0
     48/99     10.2G   0.07659   0.03012         0    0.1067       574       640    0.9498    0.8854    0.9344    0.5208   0.08036   0.07138         0
     49/99     10.2G   0.07381   0.03082         0    0.1046       988       640    0.9394    0.8857    0.9275    0.5009   0.08069   0.06968         0
     50/99     10.2G   0.07599   0.03049         0    0.1065       661       640    0.9469    0.8834    0.9314    0.5145   0.08004   0.07088         0
     51/99     10.2G     0.078    0.0305         0    0.1085       661       640    0.9443    0.8878    0.9329    0.5143   0.08002   0.07176         0
     52/99     10.2G   0.07724   0.03069         0    0.1079       953       640    0.9519    0.8896     0.935    0.5204   0.07955   0.07153         0
     53/99     10.2G    0.0747   0.03045         0    0.1052      1015       640    0.9482    0.8865    0.9358    0.5125   0.07978   0.07072         0
     54/99     10.2G   0.07444   0.03062         0    0.1051      1158       640    0.9523    0.8894    0.9357    0.5169   0.07933   0.07225         0
     55/99     10.2G   0.07544   0.03012         0    0.1056      1296       640    0.9613     0.888    0.9381    0.5275   0.07919   0.07185         0
     56/99     10.2G     0.074   0.03054         0    0.1045      1183       640    0.9535    0.8902    0.9366    0.5274   0.07923   0.07163         0
     57/99     10.2G   0.07927   0.03093         0    0.1102       952       640    0.9527     0.886    0.9347    0.5173   0.07958   0.07178         0
     58/99     10.2G   0.07929   0.03086         0    0.1102      1391       640    0.9551    0.8904    0.9359    0.5237   0.07903   0.07333         0
     59/99     10.2G   0.07755   0.03084         0    0.1084      1117       640    0.9518    0.8877     0.934    0.5216   0.07917   0.07221         0
     60/99     10.2G   0.07686   0.03016         0     0.107      1045       640    0.9542    0.8874    0.9355    0.5253   0.07906    0.0722         0
     61/99     10.2G   0.07789   0.03071         0    0.1086      1053       640     0.954    0.8932    0.9367    0.5263   0.07937   0.07219         0
     62/99     10.2G   0.07602   0.03002         0     0.106       713       640    0.9528    0.8919    0.9368    0.5227   0.07898   0.07286         0
     63/99     10.2G   0.07126    0.0301         0    0.1014       663       640    0.9553    0.8949    0.9387    0.5303   0.07881   0.07188         0
     64/99     10.2G   0.07603   0.03023         0    0.1063      1034       640    0.9541    0.8996    0.9403     0.533    0.0785   0.07185         0
     65/99     10.2G   0.07828   0.03053         0    0.1088      1134       640    0.9573    0.8919    0.9376    0.5245   0.07889   0.07223         0
     66/99     10.2G    0.0757   0.03022         0    0.1059       839       640    0.9663    0.8898    0.9405    0.5348   0.07843   0.07216         0
     67/99     10.2G   0.07432   0.03019         0    0.1045       788       640    0.9542    0.8972    0.9386    0.5309   0.07855   0.07218         0
     68/99     10.2G   0.07494   0.03025         0    0.1052       901       640    0.9555    0.8976    0.9403    0.5316   0.07844   0.07221         0
     69/99     10.2G   0.07428   0.03094         0    0.1052      1250       640    0.9501    0.9009    0.9403    0.5301   0.07857   0.07167         0
     70/99     10.2G   0.07628   0.03053         0    0.1068      1273       640    0.9552    0.9012    0.9421    0.5368   0.07834   0.07188         0
     71/99     10.2G    0.0745    0.0311         0    0.1056       966       640    0.9584    0.8966    0.9408     0.532   0.07852   0.07153         0
     72/99     10.2G   0.07792   0.03063         0    0.1086       801       640    0.9613    0.8917    0.9393    0.5308   0.07855   0.07162         0
     73/99     10.2G   0.07596   0.03043         0    0.1064       776       640    0.9607     0.896    0.9411     0.537    0.0781   0.07259         0
     74/99     10.2G   0.07565   0.03112         0    0.1068      1266       640    0.9588    0.8935    0.9389    0.5301   0.07823    0.0716         0
     75/99     10.2G   0.07794   0.03052         0    0.1085      1158       640    0.9565    0.8984    0.9403    0.5309   0.07835   0.07238         0
     76/99     10.2G   0.07605   0.02958         0    0.1056       654       640    0.9553    0.8987    0.9411    0.5337   0.07827   0.07195         0
     77/99     10.2G   0.07474   0.03047         0    0.1052       974       640    0.9595    0.9008    0.9437    0.5377   0.07803   0.07191         0
     78/99     10.2G    0.0713   0.03085         0    0.1021       748       640    0.9571    0.9003    0.9429    0.5341   0.07803   0.07206         0
     79/99     10.2G   0.07846   0.03045         0    0.1089       817       640    0.9611    0.8964    0.9412    0.5363   0.07788   0.07264         0
     80/99     10.2G   0.07182   0.03031         0    0.1021       842       640    0.9566    0.9031    0.9424    0.5381    0.0777   0.07227         0
     81/99     10.2G   0.07217   0.03031         0    0.1025       971       640    0.9568     0.903    0.9416     0.539    0.0777   0.07283         0
     82/99     10.2G   0.07213    0.0302         0    0.1023      1238       640    0.9584    0.8994    0.9409    0.5358   0.07796   0.07321         0
     83/99     10.2G   0.06984   0.03009         0   0.09992       883       640    0.9585    0.9014    0.9427    0.5366   0.07786   0.07245         0
     84/99     10.2G   0.07299   0.03118         0    0.1042       845       640    0.9648    0.8984    0.9437      0.54   0.07767   0.07254         0
     85/99     10.2G   0.07358   0.03025         0    0.1038       982       640    0.9571    0.9049    0.9436    0.5396   0.07758   0.07317         0
     86/99     10.2G   0.07498   0.02984         0    0.1048       748       640    0.9584     0.907    0.9452    0.5415   0.07744   0.07351         0
     87/99     10.2G   0.07028   0.03088         0    0.1012      1131       640    0.9611    0.9029    0.9447    0.5403   0.07744   0.07309         0
     88/99     10.2G   0.07279    0.0306         0    0.1034      1304       640    0.9625    0.9024    0.9452    0.5432   0.07724   0.07312         0
     89/99     10.2G   0.07126   0.03116         0    0.1024       752       640     0.959     0.904    0.9453    0.5418   0.07729     0.073         0
     90/99     10.2G   0.07207   0.02995         0     0.102       874       640    0.9604    0.9018    0.9447    0.5405   0.07731   0.07326         0
     91/99     10.2G   0.07456   0.03098         0    0.1055      1459       640    0.9595    0.9028     0.944    0.5386    0.0773   0.07356         0
     92/99     10.2G   0.07441   0.03053         0    0.1049       597       640    0.9572    0.9063    0.9443    0.5398   0.07716   0.07374         0
     93/99     10.2G   0.07152   0.03056         0    0.1021       868       640    0.9589    0.9056    0.9451    0.5397   0.07712   0.07342         0
     94/99     10.2G   0.06945    0.0298         0   0.09926       705       640    0.9569    0.9065    0.9447    0.5394   0.07715   0.07317         0
     95/99     10.2G   0.07289   0.02941         0    0.1023      1135       640    0.9585    0.9047    0.9437    0.5392   0.07711   0.07322         0
     96/99     10.2G   0.06938   0.03046         0   0.09983       877       640    0.9603    0.9059    0.9454    0.5415   0.07694    0.0736         0
     97/99     10.2G   0.07466   0.03028         0    0.1049       966       640    0.9627    0.9021    0.9458    0.5402     0.077   0.07366         0
     98/99     10.2G   0.07189   0.03105         0    0.1029       927       640    0.9612    0.9039    0.9457    0.5415   0.07694   0.07376         0
     99/99     10.2G   0.06936   0.03009         0   0.09945      1059       640    0.9625    0.9034    0.9459    0.5433   0.07686   0.07351         0
