      0/99     9.55G   0.09168   0.02198         0    0.1137       995       640    0.2849    0.2899    0.1802   0.03643    0.1267   0.04572         0
      1/99     10.2G   0.06635     0.026         0   0.09235       889       640    0.6005    0.5484    0.5111    0.1281    0.1093   0.05496         0
      2/99     10.2G   0.08224   0.03104         0    0.1133       900       640    0.4921    0.5819    0.4346    0.1214    0.1028   0.05864         0
      3/99     10.2G   0.08273   0.03144         0    0.1142      1025       640    0.6423    0.6027    0.5884    0.1661    0.0971   0.05945         0
      4/99     10.2G     0.086   0.03168         0    0.1177      1241       640    0.7455    0.6717    0.6959    0.2451   0.09891   0.05454         0
      5/99     10.2G   0.08496   0.03125         0    0.1162      1317       640    0.7737    0.7149    0.7697     0.299   0.09295    0.0603         0
      6/99     10.2G   0.08481   0.03132         0    0.1161       793       640    0.8747    0.7633    0.8308    0.3474    0.0916    0.0583         0
      7/99     10.2G   0.08057   0.03167         0    0.1122       740       640    0.8648      0.75    0.8255    0.3638   0.09142   0.06247         0
      8/99     10.2G   0.08087   0.03138         0    0.1123       989       640    0.8766    0.7801    0.8421    0.3606   0.09038   0.05897         0
      9/99     10.2G   0.08146   0.03149         0     0.113       913       640    0.9063     0.787    0.8695    0.3962   0.08864   0.06081         0
     10/99     10.2G    0.0846   0.03176         0    0.1164       625       640    0.7757    0.6703    0.7453    0.3071    0.0919   0.06744         0
     11/99     10.2G   0.07974   0.03235         0    0.1121       855       640    0.9021    0.7687    0.8334    0.3308   0.08951   0.06056         0
     12/99     10.2G   0.08305   0.03193         0     0.115       965       640    0.3335    0.2652    0.2283   0.06346    0.1003    0.1018         0
     13/99     10.2G   0.08245   0.03212         0    0.1146      1086       640    0.8982    0.7829    0.8585    0.3979   0.08859   0.06305         0
     14/99     10.2G   0.08394   0.03148         0    0.1154       690       640    0.9102    0.7973    0.8796    0.4255   0.08717   0.06588         0
     15/99     10.2G   0.07862    0.0316         0    0.1102       800       640    0.9146    0.8023    0.8738    0.4127   0.08661   0.06439         0
     16/99     10.2G   0.07809   0.03105         0    0.1091      1086       640    0.9258    0.8145    0.8931    0.4336   0.08599   0.06302         0
     17/99     10.2G   0.07929   0.03122         0    0.1105      1137       640     0.927    0.8145    0.8857    0.4454   0.08562   0.06236         0
     18/99     10.2G   0.08008   0.03168         0    0.1118       826       640    0.9242    0.8299    0.9005    0.4456   0.08564    0.0609         0
     19/99     10.2G   0.08159   0.03064         0    0.1122      1349       640    0.9111    0.8261    0.8909    0.4403   0.08535   0.06584         0
     20/99     10.2G   0.08032   0.03073         0    0.1111      1214       640    0.9247    0.8349    0.9005    0.4509   0.08515   0.06343         0
     21/99     10.2G   0.07681   0.03131         0    0.1081      1034       640    0.9223    0.8415    0.9012    0.4482    0.0849   0.06299         0
     22/99     10.2G    0.0786   0.03168         0    0.1103       840       640    0.9229    0.8341    0.9009    0.4532   0.08455   0.06484         0
     23/99     10.2G   0.07934   0.03111         0    0.1105      1078       640    0.9343    0.8361    0.9053    0.4682   0.08365   0.06455         0
     24/99     10.2G   0.07835   0.03051         0    0.1089      1189       640    0.9317    0.8556    0.9157    0.4756   0.08363   0.06422         0
     25/99     10.2G   0.07772   0.03041         0    0.1081      1275       640    0.9237    0.8624    0.9178    0.4654   0.08364   0.06392         0
     26/99     10.2G   0.07937   0.03009         0    0.1095      1247       640    0.9232    0.8699    0.9204    0.4882   0.08237   0.06715         0
     27/99     10.2G   0.08026   0.03036         0    0.1106      1086       640    0.9251    0.8696     0.923    0.4893   0.08239    0.0655         0
     28/99     10.2G    0.0796    0.0306         0    0.1102       905       640    0.9429    0.8605    0.9227    0.4904   0.08252   0.06412         0
     29/99     10.2G      0.08   0.03059         0    0.1106      1239       640    0.9277     0.861    0.9197    0.4694   0.08283   0.06453         0
     30/99     10.2G    0.0809    0.0306         0    0.1115       659       640    0.9343    0.8679    0.9222    0.4865   0.08214   0.06582         0
     31/99     10.2G   0.07998    0.0307         0    0.1107       805       640    0.9321    0.8628    0.9199    0.4709   0.08253   0.06658         0
     32/99     10.2G   0.07808   0.03066         0    0.1087       797       640    0.9302    0.8616    0.9153    0.4718   0.08242    0.0664         0
     33/99     10.2G   0.07778   0.03079         0    0.1086       837       640    0.9396    0.8785    0.9292     0.499   0.08164   0.06717         0
     34/99     10.2G   0.07519    0.0307         0    0.1059       683       640    0.9473    0.8673    0.9229    0.4958   0.08164   0.06851         0
     35/99     10.2G   0.07927    0.0302         0    0.1095      1010       640    0.9407    0.8681    0.9235    0.4816   0.08185   0.06579         0
     36/99     10.2G   0.07685   0.03115         0     0.108       858       640    0.9378    0.8641    0.9227    0.4795   0.08189   0.06844         0
     37/99     10.2G   0.07882   0.03061         0    0.1094       762       640    0.9481     0.873    0.9277    0.5076   0.08104   0.06951         0
     38/99     10.2G   0.07802   0.03029         0    0.1083       996       640    0.9465    0.8743    0.9269    0.5035   0.08122   0.06981         0
     39/99     10.2G   0.07787   0.03112         0     0.109      1097       640    0.9455    0.8768    0.9333    0.5139   0.08086   0.06818         0
     40/99     10.2G   0.08121   0.03004         0    0.1112      1046       640    0.9507    0.8804    0.9332    0.5164   0.08041   0.06882         0
     41/99     10.2G   0.07812   0.03016         0    0.1083      1215       640    0.9512    0.8826    0.9339    0.5146   0.08058   0.06928         0
     42/99     10.2G   0.07643   0.03041         0    0.1068      1046       640    0.9513    0.8768    0.9322    0.5122   0.08047   0.06872         0
     43/99     10.2G   0.07904   0.03066         0    0.1097       989       640    0.9426    0.8879    0.9353     0.515   0.08057    0.0672         0
     44/99     10.2G   0.08062   0.03053         0    0.1112      1060       640    0.9492      0.88    0.9309    0.5152    0.0806   0.06957         0
     45/99     10.2G   0.07986   0.03106         0    0.1109      1018       640     0.937    0.8772    0.9278    0.4993   0.08071   0.06982         0
     46/99     10.2G    0.0803   0.03062         0    0.1109      1159       640    0.9473     0.881     0.933    0.5042   0.08094   0.06853         0
     47/99     10.2G   0.07798   0.03098         0     0.109       877       640    0.9542    0.8884    0.9376     0.514   0.07987   0.07087         0
     48/99     10.2G   0.07832   0.02969         0     0.108       574       640    0.9534    0.8882    0.9352    0.5253   0.08022   0.07118         0
     49/99     10.2G   0.07506   0.03044         0    0.1055       988       640     0.949    0.8877    0.9372    0.5177   0.08009     0.069         0
     50/99     10.2G   0.07591   0.02995         0    0.1059       661       640    0.9501    0.8897     0.935    0.5185    0.0802   0.06953         0
     51/99     10.2G   0.07793   0.02997         0    0.1079       661       640    0.9449    0.8942    0.9373    0.5181   0.08031   0.06983         0
     52/99     10.2G   0.07772   0.03011         0    0.1078       953       640     0.957    0.8946    0.9413    0.5305   0.07939   0.07015         0
     53/99     10.2G   0.07535   0.03003         0    0.1054      1015       640    0.9452    0.8965    0.9378    0.5215   0.07995   0.06955         0
     54/99     10.2G   0.07393   0.03041         0    0.1043      1158       640    0.9578    0.8931    0.9397    0.5246   0.07966   0.07014         0
     55/99     10.2G   0.07743   0.02982         0    0.1072      1296       640    0.9543    0.8969    0.9399    0.5221   0.07994   0.06942         0
     56/99     10.2G   0.07496   0.03001         0     0.105      1183       640    0.9531    0.8957    0.9401    0.5291   0.07951   0.07026         0
     57/99     10.2G    0.0811   0.03054         0    0.1116       952       640    0.9509    0.8997      0.94     0.523   0.07966   0.07047         0
     58/99     10.2G    0.0784   0.03038         0    0.1088      1391       640    0.9563     0.897    0.9427    0.5359   0.07869   0.07203         0
     59/99     10.2G   0.07632   0.03028         0    0.1066      1117       640    0.9592    0.8906    0.9418    0.5277   0.07938   0.06956         0
     60/99     10.2G   0.07798   0.02961         0    0.1076      1045       640    0.9564     0.897    0.9422    0.5345   0.07911   0.07003         0
     61/99     10.2G   0.07872    0.0303         0     0.109      1053       640    0.9551    0.9003    0.9424    0.5361   0.07922   0.07017         0
     62/99     10.2G   0.07687   0.02964         0    0.1065       713       640    0.9495    0.9058     0.942     0.532   0.07906   0.07075         0
     63/99     10.2G   0.07703   0.02993         0     0.107       663       640    0.9582    0.8997    0.9433    0.5367   0.07901    0.0701         0
     64/99     10.2G   0.08007   0.02994         0      0.11      1034       640     0.956    0.8974    0.9424    0.5333     0.079   0.07079         0
     65/99     10.2G   0.08126   0.03016         0    0.1114      1134       640    0.9564    0.8984     0.941    0.5309   0.07904   0.07109         0
     66/99     10.2G   0.07791    0.0299         0    0.1078       839       640    0.9575    0.9057    0.9445    0.5403   0.07869   0.07147         0
     67/99     10.2G   0.07975   0.02992         0    0.1097       788       640    0.9581    0.9009    0.9429    0.5358   0.07887   0.07085         0
     68/99     10.2G   0.07656    0.0299         0    0.1065       901       640    0.9559    0.9071     0.946    0.5412    0.0787   0.07068         0
     69/99     10.2G   0.07639   0.03058         0     0.107      1250       640    0.9573    0.9033    0.9441    0.5338   0.07909   0.07001         0
     70/99     10.2G   0.07704   0.03024         0    0.1073      1273       640    0.9592    0.9032    0.9458    0.5415   0.07871   0.07068         0
     71/99     10.2G   0.07784   0.03072         0    0.1086       966       640    0.9557    0.9057    0.9446    0.5365    0.0788   0.07029         0
     72/99     10.2G   0.07864   0.03023         0    0.1089       801       640    0.9592    0.9023    0.9441    0.5351   0.07888   0.06997         0
     73/99     10.2G   0.07565   0.03015         0    0.1058       776       640    0.9608    0.9054    0.9471    0.5449   0.07838   0.07093         0
     74/99     10.2G   0.07682   0.03071         0    0.1075      1266       640    0.9597    0.9038    0.9474    0.5414   0.07856    0.0705         0
     75/99     10.2G   0.07744   0.03023         0    0.1077      1158       640    0.9556    0.9059    0.9454    0.5384   0.07864   0.07081         0
     76/99     10.2G   0.07888   0.02927         0    0.1081       654       640    0.9607     0.904    0.9458    0.5403    0.0786   0.07041         0
     77/99     10.2G   0.07582   0.03017         0     0.106       974       640     0.958    0.9071    0.9483    0.5441   0.07836   0.07034         0
     78/99     10.2G   0.07449   0.03051         0     0.105       748       640    0.9565    0.9074    0.9467    0.5419   0.07838   0.07081         0
     79/99     10.2G   0.08055   0.03016         0    0.1107       817       640    0.9583    0.9046    0.9462    0.5403   0.07839   0.07125         0
     80/99     10.2G   0.07344   0.03003         0    0.1035       842       640    0.9584    0.9069    0.9474     0.543    0.0783   0.07052         0
     81/99     10.2G   0.07566   0.03002         0    0.1057       971       640     0.958    0.9075    0.9474    0.5439   0.07828   0.07094         0
     82/99     10.2G    0.0739   0.02994         0    0.1038      1238       640    0.9554    0.9104    0.9478    0.5421   0.07837   0.07118         0
     83/99     10.2G   0.07419    0.0297         0    0.1039       883       640    0.9602    0.9044    0.9465    0.5409   0.07842   0.07091         0
     84/99     10.2G   0.07609   0.03084         0    0.1069       845       640    0.9616    0.9064    0.9482    0.5433   0.07821   0.07078         0
     85/99     10.2G   0.07464   0.03002         0    0.1047       982       640    0.9594    0.9076    0.9477    0.5428   0.07814   0.07128         0
     86/99     10.2G   0.07958   0.02953         0    0.1091       748       640    0.9627    0.9022     0.947    0.5428   0.07814   0.07132         0
     87/99     10.2G   0.07626   0.03054         0    0.1068      1131       640    0.9582    0.9086    0.9489    0.5445   0.07801   0.07168         0
     88/99     10.2G   0.07748   0.03027         0    0.1077      1304       640    0.9558    0.9123    0.9497    0.5462   0.07782   0.07165         0
     89/99     10.2G   0.07643    0.0308         0    0.1072       752       640     0.958    0.9104     0.949    0.5465   0.07791   0.07138         0
     90/99     10.2G   0.07646   0.02957         0     0.106       874       640    0.9575    0.9124      0.95    0.5473   0.07786   0.07149         0
     91/99     10.2G   0.07914   0.03068         0    0.1098      1459       640    0.9583    0.9115    0.9498    0.5452   0.07784   0.07206         0
     92/99     10.2G    0.0786   0.03023         0    0.1088       597       640    0.9589      0.91    0.9495    0.5453   0.07781   0.07221         0
     93/99     10.2G   0.07525   0.03021         0    0.1055       868       640    0.9607    0.9082    0.9498    0.5456   0.07772   0.07206         0
     94/99     10.2G   0.07253   0.02949         0     0.102       705       640    0.9593      0.91    0.9503     0.547   0.07763   0.07228         0
     95/99     10.2G   0.07484   0.02911         0    0.1039      1135       640    0.9583    0.9114    0.9501    0.5471   0.07758    0.0724         0
     96/99     10.2G   0.07665   0.03017         0    0.1068       877       640    0.9606      0.91    0.9502    0.5474   0.07753   0.07271         0
     97/99     10.2G   0.07643   0.02994         0    0.1064       966       640    0.9598    0.9104    0.9502    0.5466   0.07755   0.07273         0
     98/99     10.2G   0.07741   0.03065         0    0.1081       927       640    0.9629    0.9066      0.95    0.5453   0.07759   0.07281         0
     99/99     10.2G   0.07463   0.02969         0    0.1043      1059       640    0.9552    0.9143    0.9506    0.5479    0.0775   0.07277         0
