      0/99      1.8G   0.08461  0.007653   0.02132    0.1136       120       640  0.001451  0.009008 4.564e-05 9.328e-06    0.1005  0.008371   0.01975
      1/99     2.36G   0.06496  0.004465   0.01227    0.0817        74       640  0.001981   0.05336 0.0001785 3.079e-05     0.111   0.01283   0.01936
      2/99     2.36G   0.04417  0.004458  0.007962   0.05659        35       640    0.2867   0.07711   0.01391   0.00247     0.109   0.01037   0.01831
      3/99     2.36G   0.03391  0.004603   0.00661   0.04513        40       640    0.5823   0.08968   0.06254   0.01372    0.1054   0.01133   0.01733
      4/99     2.36G   0.03878   0.00469  0.007113   0.05058       112       640    0.5893   0.07468   0.05153   0.01258    0.1036   0.01212    0.0175
      5/99     2.36G   0.03386  0.004825    0.0066   0.04528        93       640    0.5439   0.05811   0.02279  0.004192    0.1039   0.01255   0.01923
      6/99     2.36G   0.03264  0.005422  0.006308   0.04437        69       640    0.5429   0.04785   0.01934    0.0029   0.09962   0.01299   0.01835
      7/99     2.36G   0.02948   0.00549  0.005665   0.04064        92       640     0.856    0.1026   0.08308   0.02382   0.09498   0.01367   0.01922
      8/99     2.36G   0.03304  0.005651  0.006691   0.04538        59       640    0.2784   0.04913   0.01115  0.002349     0.102   0.01262   0.01706
      9/99     2.36G   0.03309   0.00606  0.006363   0.04551        39       640    0.6216    0.1124   0.09723   0.02953   0.09692   0.01378   0.01641
     10/99     2.36G   0.02898  0.006083  0.005669   0.04073        27       640    0.8816    0.1169    0.1146   0.03512   0.09684   0.01361   0.01604
     11/99     2.36G   0.02991  0.005873  0.005987   0.04177        46       640    0.8798    0.1299    0.1456   0.04822    0.0869   0.01384   0.01634
     12/99     2.36G   0.03074  0.005924  0.005684   0.04235        55       640    0.8801    0.1241     0.138   0.04181    0.0887   0.01235   0.01817
     13/99     2.36G   0.02765  0.006357  0.006117   0.04012       173       640    0.5335     0.209    0.1991   0.07593   0.08586   0.01336   0.01757
     14/99     2.36G   0.03126  0.005916  0.006433   0.04361        37       640    0.7686    0.2083    0.2026   0.07122   0.08606   0.01291   0.01666
     15/99     2.36G   0.03016  0.006169  0.005456   0.04179       101       640    0.8157    0.1869    0.2078   0.06938   0.08651   0.01282   0.01653
     16/99     2.36G   0.02789  0.006327  0.005264   0.03948        77       640    0.7733    0.2294    0.2301   0.08376   0.08597   0.01277    0.0185
     17/99     2.36G   0.02471   0.00574  0.004897   0.03534        62       640    0.5088    0.2199    0.2192   0.06391   0.08645   0.01221   0.01865
     18/99     2.36G   0.02654  0.005976  0.005584    0.0381        83       640    0.7952    0.2535     0.259   0.09658   0.08453   0.01274   0.01912
     19/99     2.36G   0.02813  0.006073  0.005441   0.03964        57       640    0.6004    0.2604    0.2713    0.1061   0.08325   0.01309   0.01611
     20/99     2.36G   0.03432  0.005842   0.00676   0.04692        77       640     0.813    0.2557    0.2696    0.1044   0.08377   0.01212   0.01532
     21/99     2.36G   0.02906  0.005544  0.005039   0.03964        48       640    0.5803    0.2567    0.2769   0.09932   0.08396   0.01215   0.01633
     22/99     2.36G   0.03468  0.005817  0.006007    0.0465        91       640     0.273    0.3243     0.281    0.1097   0.08305   0.01266   0.01717
     23/99     2.36G   0.03242  0.005697  0.005837   0.04395        67       640    0.6906    0.2653    0.2857    0.1055   0.08342    0.0126   0.01575
     24/99     2.36G   0.03225  0.006196  0.005087   0.04354        82       640    0.5741    0.2797    0.3024    0.1203   0.08273   0.01213   0.01657
     25/99     2.36G   0.03642  0.005768  0.006275   0.04846        17       640    0.5492    0.3469    0.3185    0.1321   0.08239   0.01225   0.01576
     26/99     2.36G   0.03576   0.00607  0.006657   0.04849        61       640    0.5904    0.2799    0.3156    0.1277   0.08228   0.01213   0.01557
     27/99     2.36G   0.03077  0.006025  0.005592   0.04239        46       640    0.5619     0.373    0.3237    0.1258    0.0817   0.01198   0.01584
     28/99     2.36G   0.02967  0.006089  0.005414   0.04117        66       640    0.3449    0.3681     0.339    0.1446   0.08092   0.01213   0.01727
     29/99     2.36G    0.0277  0.005797  0.005097   0.03859       189       640    0.5863    0.3772    0.3415    0.1454   0.08116   0.01206   0.01585
     30/99     2.36G   0.02891  0.006288  0.004685   0.03989        78       640    0.6217     0.358    0.3494      0.15   0.08009   0.01255   0.01573
     31/99     2.36G   0.03157  0.006717  0.005526   0.04382       106       640    0.6795    0.3548    0.3697    0.1564   0.07942   0.01241   0.01437
     32/99     2.36G   0.02709   0.00642  0.004755   0.03826        96       640    0.6813    0.3586    0.3673    0.1493   0.07874   0.01253   0.01458
     33/99     2.36G   0.02921  0.006429  0.005498   0.04114        87       640    0.6687    0.3604    0.3673     0.149   0.07843   0.01185     0.014
     34/99     2.36G   0.02857  0.006259  0.004963   0.03979        77       640    0.7138    0.3582    0.3841    0.1646   0.07795   0.01137   0.01423
     35/99     2.36G    0.0329   0.00642   0.00557   0.04489       115       640    0.6845    0.3709    0.3747     0.139   0.07832   0.01131   0.01435
     36/99     2.36G   0.02999  0.006678  0.005384   0.04205        40       640    0.6823    0.3658    0.3765    0.1642   0.07685   0.01155   0.01404
     37/99     2.36G   0.02973  0.006334  0.004723   0.04079       105       640    0.6895    0.3455     0.356    0.1294   0.07779   0.01136   0.01472
     38/99     2.36G   0.03066  0.006141  0.005017   0.04182       116       640    0.6622    0.3713    0.3646    0.1478    0.0769   0.01109   0.01394
     39/99     2.36G    0.0289  0.006173  0.004801   0.03987        96       640    0.7083    0.3752    0.3848    0.1468   0.07721   0.01142   0.01363
     40/99     2.36G   0.03394  0.006346  0.005048   0.04534       116       640    0.6877    0.3872    0.4067    0.1759   0.07662   0.01104   0.01342
     41/99     2.36G   0.02974  0.006357  0.005497    0.0416        64       640    0.6741    0.3953    0.4065     0.177   0.07648   0.01092   0.01386
     42/99     2.36G   0.03031  0.006186  0.004942   0.04144        90       640    0.7152    0.4048    0.4121    0.1824   0.07611   0.01037   0.01488
     43/99     2.36G   0.03002  0.006431  0.005013   0.04147        62       640      0.67    0.4141    0.4096    0.1568   0.07701   0.01048   0.01417
     44/99     2.36G    0.0323  0.006259  0.005372   0.04394        28       640    0.4984    0.2131     0.162   0.06063   0.08076   0.02342   0.01652
     45/99     2.36G   0.03113  0.006838  0.004748   0.04272        52       640    0.6265    0.2312    0.2309   0.07525   0.08116   0.01305    0.0179
     46/99     2.36G   0.03124  0.006975  0.005953   0.04417       146       640    0.6287    0.3237    0.3079    0.1198   0.07903   0.01185   0.01439
     47/99     2.36G   0.03462  0.007535  0.005643    0.0478        98       640    0.6686    0.3112     0.311     0.116    0.0788   0.01208   0.01443
     48/99     2.36G   0.02877   0.00692  0.005124   0.04082        59       640    0.7008    0.3119     0.321    0.1273   0.07824   0.01204   0.01306
     49/99     2.36G    0.0268  0.006624  0.004211   0.03763       103       640    0.7333    0.3314    0.3549    0.1489   0.07743   0.01159    0.0127
     50/99     2.36G   0.02808  0.006941  0.004695   0.03971       137       640      0.67     0.357    0.3605    0.1501   0.07723   0.01159   0.01288
     51/99     2.36G   0.03052  0.006669  0.004688   0.04187       160       640    0.6887     0.359    0.3615    0.1408   0.07755   0.01171   0.01326
     52/99     2.36G   0.03491  0.006493  0.005439   0.04684        61       640    0.6927    0.3892    0.3928    0.1703   0.07667   0.01089   0.01294
     53/99     2.36G   0.02895  0.006356  0.004473   0.03978        45       640    0.7112    0.3704    0.3908    0.1709   0.07659   0.01092   0.01234
     54/99     2.36G   0.02883  0.006043  0.004336   0.03921       127       640    0.7362    0.3632    0.3969    0.1726   0.07639   0.01071   0.01254
     55/99     2.36G    0.0307  0.006492  0.004908    0.0421        84       640    0.6967    0.3837    0.4014    0.1726   0.07661    0.0106   0.01254
     56/99     2.36G   0.03251  0.006793  0.005534   0.04483        88       640    0.7277    0.3867    0.4081    0.1763   0.07606    0.0111   0.01256
     57/99     2.36G   0.03226  0.006936  0.004767   0.04396        72       640    0.6965    0.4063    0.4195    0.1787   0.07613   0.01064   0.01249
     58/99     2.36G   0.03034  0.006696  0.004269   0.04131        96       640    0.7467    0.3713    0.4083    0.1793   0.07621   0.01046   0.01241
     59/99     2.36G   0.02369  0.006401  0.003884   0.03398        50       640     0.745    0.3873     0.423    0.1877   0.07588   0.01027   0.01262
     60/99     2.36G   0.03057  0.006518  0.004327   0.04141       142       640    0.7515      0.39    0.4266    0.1919   0.07564   0.01031   0.01233
     61/99     2.36G   0.03369  0.006344   0.00531   0.04535       111       640    0.7201    0.3974    0.4211    0.1851   0.07582   0.01048   0.01247
     62/99     2.36G   0.03302  0.006262  0.004176   0.04346       139       640    0.7476    0.4039     0.434    0.1927   0.07555   0.01009   0.01298
     63/99     2.36G   0.02723  0.006189  0.004088   0.03751       133       640    0.7369    0.4021    0.4248    0.1842   0.07609   0.01044   0.01287
     64/99     2.36G   0.03069  0.006673  0.004717   0.04208       160       640    0.7475    0.3914    0.4263     0.191   0.07567   0.01067   0.01276
     65/99     2.36G   0.02753  0.006313  0.004202   0.03805        31       640    0.7401    0.4075    0.4365    0.1971   0.07567   0.01015   0.01231
     66/99     2.36G   0.03023   0.00601  0.004601   0.04084        16       640    0.7348    0.3975    0.4319    0.1936   0.07589   0.01016    0.0122
     67/99     2.36G   0.02686  0.006294  0.004294   0.03745       102       640    0.7496    0.3966    0.4325    0.1873    0.0758   0.01034   0.01202
     68/99     2.36G    0.0258  0.006638  0.003784   0.03622       154       640    0.7829      0.39    0.4409    0.2035   0.07544   0.01005   0.01181
     69/99     2.36G   0.02905  0.006261  0.003987    0.0393       166       640    0.7309    0.4221    0.4474    0.1964   0.07574   0.01018   0.01162
     70/99     2.36G   0.03143  0.006176  0.004952   0.04256       151       640    0.7503    0.4222    0.4502    0.2036   0.07518  0.009957   0.01164
     71/99     2.36G   0.03126  0.006339  0.004958   0.04256        84       640    0.7364    0.4163    0.4411    0.1952   0.07575   0.01011   0.01112
     72/99     2.36G   0.02666  0.005997  0.003542    0.0362        62       640    0.7548    0.4203    0.4437    0.2027   0.07545   0.00986   0.01113
     73/99     2.36G   0.03068  0.005921  0.004278   0.04088        60       640     0.727     0.433    0.4447    0.2035   0.07536  0.009901   0.01146
     74/99     2.36G    0.0324  0.006115  0.004636   0.04315        53       640    0.7686    0.4086    0.4456    0.2005   0.07537  0.009849   0.01159
     75/99     2.36G   0.03011   0.00632  0.004014   0.04045       104       640    0.7837    0.4008     0.448    0.2054   0.07522   0.01014   0.01134
     76/99     2.36G   0.03247   0.00613  0.005013   0.04362        99       640    0.7409    0.4158    0.4366    0.1953   0.07548   0.01004   0.01089
     77/99     2.36G   0.03068  0.006117  0.004576   0.04138        47       640    0.7627    0.4081    0.4468    0.2011   0.07527  0.009957   0.01075
     78/99     2.36G    0.0315  0.006395  0.004383   0.04228       119       640    0.7367    0.4347     0.451    0.2058   0.07526  0.009929   0.01063
     79/99     2.36G   0.02834  0.006086  0.004352   0.03878       106       640     0.759    0.4181    0.4513    0.2086   0.07508    0.0101    0.0107
     80/99     2.36G    0.0324  0.006005  0.004692   0.04309       154       640    0.7183    0.4317     0.446    0.2017   0.07543   0.01008   0.01055
     81/99     2.36G   0.02933  0.006074  0.004239   0.03964       135       640    0.7287     0.425    0.4453    0.2002   0.07537   0.01015   0.01085
     82/99     2.36G   0.02626  0.006054  0.003879   0.03619        79       640    0.7659    0.4176    0.4497      0.21   0.07497  0.009809   0.01133
     83/99     2.36G   0.02934  0.006012  0.004125   0.03948       105       640    0.7177     0.439     0.449    0.2111   0.07501      0.01   0.01161
     84/99     2.36G   0.02984  0.006071  0.004408   0.04032       101       640    0.7557    0.4159    0.4494    0.2024   0.07532  0.009827   0.01124
     85/99     2.36G   0.02572  0.005833   0.00397   0.03552        75       640    0.7516    0.4259    0.4532    0.2111   0.07502  0.009893   0.01115
     86/99     2.36G   0.02452  0.005702  0.003683    0.0339       101       640     0.806    0.4021     0.459    0.2133   0.07502  0.009988   0.01141
     87/99     2.36G   0.03029  0.006148  0.004028   0.04046       130       640     0.771     0.427    0.4624    0.2148   0.07501  0.009863   0.01143
     88/99     2.36G    0.0269  0.006238  0.003747   0.03688       115       640    0.7503    0.4353    0.4595    0.2088   0.07496  0.009823   0.01128
     89/99     2.36G   0.03165   0.00601  0.004749   0.04241        85       640    0.7445    0.4397    0.4606    0.2116   0.07496  0.009905     0.011
     90/99     2.36G   0.02885  0.006029  0.003793   0.03868        88       640    0.7861    0.4206    0.4588     0.215   0.07501   0.00984   0.01093
     91/99     2.36G   0.03152  0.005713  0.004237   0.04147        32       640     0.779    0.4351    0.4661    0.2217   0.07465  0.009707   0.01099
     92/99     2.36G   0.02713  0.006254  0.004262   0.03765       117       640    0.7494    0.4372    0.4612    0.2137    0.0749  0.009916   0.01123
     93/99     2.36G   0.03604  0.006026  0.005129   0.04719       141       640    0.7934    0.4196    0.4646    0.2176   0.07484  0.009757   0.01092
     94/99     2.36G   0.02774   0.00578   0.00386   0.03738       108       640    0.7382    0.4429    0.4586    0.2128   0.07498  0.009913   0.01078
     95/99     2.36G    0.0285    0.0057   0.00385   0.03805       101       640    0.7547    0.4414    0.4676    0.2204   0.07469  0.009779    0.0108
     96/99     2.36G   0.02821  0.006016   0.00434   0.03857       106       640    0.7584    0.4403    0.4715    0.2215   0.07481  0.009783   0.01063
     97/99     2.36G   0.02821  0.005955  0.004003   0.03817       113       640    0.7841    0.4355    0.4747     0.223   0.07477  0.009859   0.01041
     98/99     2.36G   0.03367  0.005715  0.004704   0.04408        55       640    0.7756    0.4338    0.4718    0.2202   0.07477  0.009849   0.01024
     99/99     2.36G   0.02862  0.006269  0.004071   0.03896        93       640    0.7733    0.4281    0.4611    0.2095   0.07502  0.009794   0.01009
