      0/99     9.55G   0.09145   0.02161         0    0.1131       995       640    0.3411    0.3241    0.2412   0.05318    0.1159    0.0625         0
      1/99     10.2G   0.09053   0.02525         0    0.1158       889       640    0.6459    0.5769     0.567    0.1694    0.1001   0.06586         0
      2/99     10.2G   0.09064   0.03025         0    0.1209       900       640    0.6539    0.6279    0.6175    0.2006   0.09602   0.06376         0
      3/99     10.2G   0.08441   0.03082         0    0.1152      1025       640    0.8185    0.7267    0.7876    0.3008   0.09255   0.06026         0
      4/99     10.2G   0.08719   0.02961         0    0.1168      1241       640    0.8071    0.7236    0.7781    0.2855   0.09507     0.064         0
      5/99     10.2G   0.08379   0.03004         0    0.1138      1317       640    0.8304    0.7448    0.7919    0.2908   0.09163   0.05838         0
      6/99     10.2G   0.08417   0.03059         0    0.1148       793       640     0.863     0.765     0.837    0.3482   0.09149   0.05925         0
      7/99     10.2G   0.08017   0.03124         0    0.1114       740       640     0.909    0.7816    0.8681    0.3851   0.08909   0.06158         0
      8/99     10.2G    0.0806   0.03098         0    0.1116       989       640    0.8833    0.7827     0.854    0.3671   0.08968     0.065         0
      9/99     10.2G   0.08299   0.03102         0     0.114       913       640    0.8997    0.7879    0.8729    0.3892   0.08842   0.06414         0
     10/99     10.2G   0.08274   0.03071         0    0.1135       625       640    0.9064    0.8131    0.8813    0.4139   0.08853   0.05845         0
     11/99     10.2G   0.08259   0.03138         0     0.114       855       640    0.9058    0.8178    0.8817      0.38   0.08782   0.06412         0
     12/99     10.2G   0.08216   0.03128         0    0.1134       965       640    0.9178     0.824    0.8946    0.4188   0.08678   0.06528         0
     13/99     10.2G   0.08036   0.03092         0    0.1113      1086       640    0.9054    0.8436    0.9065    0.4453   0.08655   0.06313         0
     14/99     10.2G   0.08317   0.03119         0    0.1144       690       640    0.8894    0.7815    0.8429    0.3874   0.08896   0.06876         0
     15/99     10.2G    0.0781    0.0313         0    0.1094       800       640    0.9131    0.8206    0.8884    0.4184   0.08634   0.06394         0
     16/99     10.2G   0.07767   0.03074         0    0.1084      1086       640    0.9237    0.8379    0.8988    0.4497   0.08554   0.06439         0
     17/99     10.2G   0.07808   0.03082         0    0.1089      1137       640    0.9204    0.8562    0.9148    0.4601   0.08442   0.06578         0
     18/99     10.2G   0.07878   0.03115         0    0.1099       826       640    0.9391    0.8588    0.9189    0.4636    0.0846   0.06368         0
     19/99     10.2G   0.08156   0.03026         0    0.1118      1349       640    0.9143     0.849    0.9072     0.443   0.08505   0.06467         0
     20/99     10.2G   0.07889   0.03033         0    0.1092      1214       640    0.9317    0.8768     0.925     0.484   0.08345   0.06692         0
     21/99     10.2G   0.07667   0.03088         0    0.1075      1034       640    0.9163    0.8484    0.9015    0.4186   0.08501   0.06484         0
     22/99     10.2G   0.07783   0.03146         0    0.1093       840       640    0.9139    0.8429    0.9058    0.4436   0.08443   0.06544         0
     23/99     10.2G   0.07866   0.03089         0    0.1095      1078       640    0.9282    0.8636    0.9209    0.4828   0.08337   0.06441         0
     24/99     10.2G   0.07807   0.03043         0    0.1085      1189       640    0.9315    0.8694    0.9228    0.4728   0.08366    0.0656         0
     25/99     10.2G   0.07911   0.03021         0    0.1093      1275       640    0.9306     0.859    0.9169    0.4713   0.08345   0.06585         0
     26/99     10.2G   0.08005   0.02978         0    0.1098      1247       640    0.9448    0.8761    0.9284    0.4882   0.08229   0.06806         0
     27/99     10.2G   0.07956   0.03006         0    0.1096      1086       640    0.9344    0.8743    0.9237    0.4882   0.08233   0.06647         0
     28/99     10.2G   0.07745   0.03039         0    0.1078       905       640    0.9321    0.8741    0.9253     0.481   0.08226   0.06677         0
     29/99     10.2G   0.07959    0.0303         0    0.1099      1239       640    0.9384    0.8706    0.9238    0.4731   0.08234   0.06834         0
     30/99     10.2G   0.08067   0.03057         0    0.1112       659       640     0.942    0.8782    0.9266    0.4872   0.08183   0.06906         0
     31/99     10.2G   0.07806   0.03042         0    0.1085       805       640    0.9383    0.8786    0.9294    0.4842    0.0819   0.06733         0
     32/99     10.2G   0.07938   0.03049         0    0.1099       797       640    0.9475    0.8747    0.9248    0.4916   0.08188   0.06749         0
     33/99     10.2G    0.0782   0.03067         0    0.1089       837       640    0.9503    0.8874    0.9357    0.5135   0.08073    0.0699         0
     34/99     10.2G   0.07505   0.03048         0    0.1055       683       640    0.9557    0.8776    0.9317    0.5116   0.08095   0.06866         0
     35/99     10.2G   0.07904   0.02998         0     0.109      1010       640    0.9468    0.8872    0.9352    0.5054   0.08101   0.06841         0
     36/99     10.2G   0.07648   0.03095         0    0.1074       858       640    0.9426    0.8788    0.9288    0.4926   0.08096   0.07075         0
     37/99     10.2G   0.07837   0.03042         0    0.1088       762       640    0.9548    0.8826    0.9339    0.5075    0.0809   0.06934         0
     38/99     10.2G   0.07903   0.03005         0    0.1091       996       640    0.9523    0.8896    0.9361     0.519   0.08039   0.07019         0
     39/99     10.2G   0.07842    0.0309         0    0.1093      1097       640    0.9536    0.8868    0.9381      0.52   0.08001   0.07152         0
     40/99     10.2G   0.07848   0.02991         0    0.1084      1046       640    0.9518    0.8881    0.9376    0.5178   0.08031   0.06925         0
     41/99     10.2G     0.079      0.03         0     0.109      1215       640    0.9577    0.8915    0.9392    0.5228   0.08013   0.07143         0
     42/99     10.2G   0.07784   0.03012         0     0.108      1046       640    0.9512    0.8896    0.9366    0.5132   0.08045   0.07115         0
     43/99     10.2G   0.07915   0.03047         0    0.1096       989       640     0.952    0.8952    0.9393    0.5184    0.0798   0.07032         0
     44/99     10.2G   0.08116   0.03033         0    0.1115      1060       640    0.9488    0.8841    0.9322    0.5098   0.08039   0.07098         0
     45/99     10.2G   0.07892   0.03095         0    0.1099      1018       640    0.9534    0.8903    0.9372    0.5197   0.07975   0.07107         0
     46/99     10.2G   0.07845   0.03047         0    0.1089      1159       640    0.9431    0.8918    0.9351     0.505   0.08043   0.07107         0
     47/99     10.2G   0.07763   0.03084         0    0.1085       877       640    0.9579    0.8989    0.9429    0.5278   0.07953   0.07112         0
     48/99     10.2G   0.07809   0.02956         0    0.1076       574       640    0.9527    0.8932    0.9399    0.5256   0.07972   0.07184         0
     49/99     10.2G   0.07517   0.03027         0    0.1054       988       640    0.9508    0.8957    0.9421    0.5243   0.07969   0.07054         0
     50/99     10.2G   0.07557    0.0299         0    0.1055       661       640    0.9558    0.8877    0.9363    0.5199   0.07975   0.07246         0
     51/99     10.2G   0.07801   0.02991         0    0.1079       661       640    0.9609    0.9004    0.9439    0.5359   0.07903   0.07158         0
     52/99     10.2G   0.07758   0.03003         0    0.1076       953       640    0.9553    0.9039    0.9444    0.5347   0.07918   0.07094         0
     53/99     10.2G   0.07667   0.02995         0    0.1066      1015       640    0.9563    0.9027    0.9453    0.5314   0.07916   0.07061         0
     54/99     10.2G   0.07635   0.03025         0    0.1066      1158       640     0.958    0.9016    0.9429    0.5331   0.07868   0.07172         0
     55/99     10.2G   0.07745   0.02977         0    0.1072      1296       640    0.9608    0.8999     0.944    0.5358   0.07893   0.07219         0
     56/99     10.2G   0.07535   0.03007         0    0.1054      1183       640    0.9549    0.9051    0.9443    0.5385   0.07878   0.07181         0
     57/99     10.2G   0.07873   0.03048         0    0.1092       952       640    0.9633    0.9002    0.9437    0.5401   0.07871   0.07248         0
     58/99     10.2G   0.07899    0.0303         0    0.1093      1391       640     0.958    0.8981     0.943    0.5339   0.07883   0.07268         0
     59/99     10.2G   0.07722   0.03033         0    0.1076      1117       640    0.9583    0.9024    0.9465    0.5391    0.0786   0.07088         0
     60/99     10.2G   0.07636   0.02955         0    0.1059      1045       640    0.9605    0.9027    0.9451    0.5395   0.07847   0.07231         0
     61/99     10.2G   0.07703   0.03024         0    0.1073      1053       640     0.963    0.9016    0.9442    0.5372   0.07877   0.07127         0
     62/99     10.2G   0.07646    0.0296         0    0.1061       713       640    0.9571    0.9071    0.9452     0.538   0.07845   0.07321         0
     63/99     10.2G   0.07779   0.02984         0    0.1076       663       640    0.9579    0.9074    0.9462    0.5422   0.07841   0.07159         0
     64/99     10.2G   0.07642   0.02975         0    0.1062      1034       640    0.9617    0.9016    0.9468    0.5421   0.07843   0.07174         0
     65/99     10.2G   0.08203   0.03003         0    0.1121      1134       640    0.9583    0.9095    0.9459    0.5445    0.0783   0.07287         0
     66/99     10.2G   0.07863   0.02974         0    0.1084       839       640    0.9588    0.9066    0.9467     0.547   0.07826   0.07242         0
     67/99     10.2G   0.07916   0.02979         0    0.1089       788       640    0.9623    0.9039    0.9451    0.5407   0.07849   0.07197         0
     68/99     10.2G   0.07771   0.02975         0    0.1075       901       640    0.9609    0.9085    0.9487    0.5456   0.07812   0.07203         0
     69/99     10.2G   0.07671   0.03054         0    0.1073      1250       640    0.9595    0.9066    0.9484    0.5446   0.07812    0.0725         0
     70/99     10.2G   0.07651   0.03012         0    0.1066      1273       640    0.9608    0.9078    0.9502      0.55    0.0779   0.07271         0
     71/99     10.2G   0.07579   0.03056         0    0.1063       966       640    0.9595    0.9085     0.948    0.5417   0.07818   0.07275         0
     72/99     10.2G   0.07806   0.03005         0    0.1081       801       640    0.9641    0.9066    0.9488    0.5461   0.07802   0.07229         0
     73/99     10.2G   0.07721   0.03005         0    0.1073       776       640    0.9656    0.9067    0.9499    0.5496   0.07772   0.07304         0
     74/99     10.2G   0.07545   0.03061         0    0.1061      1266       640     0.961    0.9084    0.9491    0.5428    0.0781   0.07224         0
     75/99     10.2G   0.07815   0.03014         0    0.1083      1158       640    0.9669    0.9042    0.9496    0.5465   0.07797   0.07253         0
     76/99     10.2G   0.07723   0.02919         0    0.1064       654       640    0.9579    0.9147    0.9503    0.5492   0.07789    0.0726         0
     77/99     10.2G   0.07647   0.02996         0    0.1064       974       640    0.9616    0.9115    0.9503    0.5501   0.07779   0.07242         0
     78/99     10.2G   0.07316   0.03038         0    0.1035       748       640    0.9637    0.9073    0.9502    0.5462   0.07797   0.07215         0
     79/99     10.2G   0.07905   0.02999         0     0.109       817       640    0.9603     0.911    0.9502    0.5464   0.07787   0.07234         0
     80/99     10.2G   0.07642   0.02989         0    0.1063       842       640    0.9611    0.9103    0.9498    0.5487   0.07777   0.07173         0
     81/99     10.2G   0.07467    0.0299         0    0.1046       971       640    0.9681    0.9058    0.9506     0.547    0.0778   0.07232         0
     82/99     10.2G   0.07447   0.02982         0    0.1043      1238       640    0.9622    0.9122    0.9508    0.5478   0.07775   0.07249         0
     83/99     10.2G   0.07389   0.02967         0    0.1036       883       640    0.9618    0.9111    0.9504    0.5469   0.07772   0.07214         0
     84/99     10.2G   0.07736   0.03076         0    0.1081       845       640    0.9618    0.9117    0.9513    0.5506   0.07756    0.0722         0
     85/99     10.2G   0.07438   0.02994         0    0.1043       982       640    0.9636    0.9091    0.9506    0.5463   0.07782   0.07213         0
     86/99     10.2G   0.07829   0.02948         0    0.1078       748       640    0.9608    0.9127    0.9511    0.5503   0.07756   0.07247         0
     87/99     10.2G   0.07579   0.03036         0    0.1061      1131       640    0.9622     0.912    0.9507    0.5509   0.07755   0.07252         0
     88/99     10.2G   0.07709   0.03006         0    0.1072      1304       640    0.9636    0.9111    0.9516    0.5518    0.0774   0.07256         0
     89/99     10.2G   0.07738   0.03071         0    0.1081       752       640    0.9584    0.9151    0.9516    0.5513   0.07744   0.07231         0
     90/99     10.2G    0.0772   0.02947         0    0.1067       874       640    0.9634    0.9119    0.9522    0.5532   0.07736    0.0723         0
     91/99     10.2G   0.07898   0.03056         0    0.1095      1459       640    0.9639    0.9109    0.9519     0.552   0.07734   0.07303         0
     92/99     10.2G    0.0796   0.03009         0    0.1097       597       640    0.9649    0.9099    0.9509    0.5511   0.07738   0.07242         0
     93/99     10.2G   0.07577   0.03012         0    0.1059       868       640    0.9676    0.9079    0.9514    0.5504   0.07738   0.07185         0
     94/99     10.2G   0.07379   0.02928         0    0.1031       705       640    0.9671    0.9081    0.9509    0.5512   0.07736   0.07192         0
     95/99     10.2G   0.07343     0.029         0    0.1024      1135       640    0.9681    0.9073    0.9509    0.5519   0.07733   0.07205         0
     96/99     10.2G   0.07637      0.03         0    0.1064       877       640    0.9635    0.9102    0.9504     0.549   0.07742   0.07219         0
     97/99     10.2G   0.07563   0.02979         0    0.1054       966       640    0.9632    0.9113    0.9511    0.5514   0.07728   0.07233         0
     98/99     10.2G    0.0788   0.03044         0    0.1092       927       640     0.962    0.9136    0.9518    0.5515   0.07724   0.07231         0
     99/99     10.2G   0.07226   0.02958         0    0.1018      1059       640    0.9636    0.9126     0.952    0.5534    0.0771   0.07245         0
