      0/99     9.55G   0.09084   0.02246         0    0.1133       995       640    0.3254    0.3864    0.2273    0.0473    0.1119   0.05934         0
      1/99     10.2G   0.07719   0.02831         0    0.1055       889       640   0.02603   0.02561  0.002659 0.0004264    0.1242   0.06026         0
      2/99     10.2G   0.06437   0.03258         0   0.09695       900       640    0.1497    0.1737   0.07245   0.01368    0.1119   0.08191         0
      3/99     10.2G   0.05841   0.03317         0   0.09159      1025       640    0.3369     0.379    0.2729   0.05782    0.1034   0.07516         0
      4/99     10.2G   0.06128   0.03282         0    0.0941      1241       640    0.5318    0.5265    0.4885    0.1299    0.1013   0.06689         0
      5/99     10.2G   0.07394   0.03245         0    0.1064      1317       640   0.03735   0.03821  0.007071  0.001393    0.1197   0.05888         0
      6/99     10.2G   0.07526   0.03268         0    0.1079       793       640    0.7012    0.5989    0.6286    0.1955   0.09663    0.0671         0
      7/99     10.2G   0.08295   0.03343         0    0.1164       740       640     0.324    0.2836    0.2142    0.0443    0.1013     0.071         0
      8/99     10.2G    0.0836   0.03369         0    0.1173       989       640    0.2312    0.3542    0.1951   0.04491    0.1001   0.07193         0
      9/99     10.2G   0.08719   0.03311         0    0.1203       913       640    0.8294    0.7006    0.7774    0.2924   0.09296   0.06265         0
     10/99     10.2G   0.08715   0.03234         0    0.1195       625       640    0.7289    0.6256    0.6603    0.2065   0.09437   0.06424         0
     11/99     10.2G   0.08274   0.03277         0    0.1155       855       640     0.855    0.7548    0.8269    0.3193   0.09109   0.06369         0
     12/99     10.2G   0.08474   0.03245         0    0.1172       965       640    0.8445    0.7476      0.83    0.3328   0.08954   0.06589         0
     13/99     10.2G   0.08298   0.03173         0    0.1147      1086       640    0.8394     0.726    0.8016    0.3048   0.09006   0.06712         0
     14/99     10.2G   0.08442   0.03177         0    0.1162       690       640      0.83    0.7205    0.7908    0.3112   0.09076   0.06843         0
     15/99     10.2G   0.07854   0.03215         0    0.1107       800       640    0.9063    0.8041    0.8694    0.4086   0.08727   0.06566         0
     16/99     10.2G   0.07917   0.03144         0    0.1106      1086       640    0.9148    0.8161    0.8895    0.4253   0.08719   0.06802         0
     17/99     10.2G   0.07996   0.03181         0    0.1118      1137       640    0.9094    0.8122    0.8814    0.4329   0.08611   0.06476         0
     18/99     10.2G   0.08276    0.0323         0    0.1151       826       640    0.9254    0.8185    0.8839    0.4282   0.08682   0.06521         0
     19/99     10.2G   0.08275   0.03117         0    0.1139      1349       640    0.9235    0.8262    0.8924    0.4307   0.08608   0.06787         0
     20/99     10.2G   0.08238   0.03138         0    0.1138      1214       640    0.9233     0.818    0.8835    0.4402   0.08569   0.06647         0
     21/99     10.2G   0.08007   0.03191         0     0.112      1034       640     0.925    0.8192    0.8893    0.4093   0.08652   0.06408         0
     22/99     10.2G   0.08004   0.03217         0    0.1122       840       640    0.9302     0.832    0.9028    0.4547   0.08504     0.067         0
     23/99     10.2G   0.07958   0.03162         0    0.1112      1078       640    0.9384    0.8409    0.9054    0.4658   0.08441   0.06655         0
     24/99     10.2G      0.08   0.03094         0    0.1109      1189       640    0.9121    0.8396    0.8979    0.4302   0.08586   0.06739         0
     25/99     10.2G   0.08017   0.03087         0     0.111      1275       640    0.9144    0.8182    0.8862    0.4242   0.08548   0.06865         0
     26/99     10.2G   0.08193   0.03052         0    0.1125      1247       640    0.9195    0.8297    0.8893    0.4473   0.08465   0.07024         0
     27/99     10.2G   0.08096   0.03079         0    0.1117      1086       640    0.9312     0.846    0.9056    0.4646    0.0846   0.06785         0
     28/99     10.2G   0.07943   0.03102         0    0.1105       905       640    0.9364    0.8541    0.9138    0.4813   0.08356   0.06717         0
     29/99     10.2G   0.08143   0.03098         0    0.1124      1239       640    0.9274    0.8541    0.9057    0.4678    0.0835   0.06897         0
     30/99     10.2G   0.08174   0.03109         0    0.1128       659       640    0.9135    0.8443     0.891    0.4428   0.08442   0.06842         0
     31/99     10.2G   0.07996   0.03122         0    0.1112       805       640    0.9295    0.8559    0.9083    0.4603   0.08431   0.06599         0
     32/99     10.2G   0.08047   0.03117         0    0.1116       797       640    0.9262    0.8426       0.9    0.4588   0.08436   0.06628         0
     33/99     10.2G   0.07852   0.03122         0    0.1097       837       640    0.9421    0.8631    0.9203    0.4926   0.08262    0.0678         0
     34/99     10.2G   0.07682    0.0311         0    0.1079       683       640    0.9454    0.8577    0.9168    0.4904   0.08245   0.06673         0
     35/99     10.2G   0.08081   0.03075         0    0.1116      1010       640      0.93    0.8408    0.9026    0.4582   0.08282   0.06871         0
     36/99     10.2G   0.07828   0.03164         0    0.1099       858       640    0.9273    0.8468    0.9088    0.4586   0.08322   0.06677         0
     37/99     10.2G   0.07781   0.03096         0    0.1088       762       640    0.9522    0.8718     0.925    0.5006   0.08191   0.06775         0
     38/99     10.2G    0.0797    0.0307         0    0.1104       996       640    0.9419    0.8597    0.9129    0.4846   0.08231   0.06716         0
     39/99     10.2G   0.08009   0.03154         0    0.1116      1097       640    0.9378    0.8622    0.9135     0.491   0.08239     0.069         0
     40/99     10.2G   0.07986   0.03065         0    0.1105      1046       640    0.9378    0.8707    0.9212    0.4956   0.08201    0.0687         0
     41/99     10.2G   0.07907   0.03068         0    0.1097      1215       640    0.9471    0.8694    0.9223    0.5038   0.08178   0.06871         0
     42/99     10.2G   0.07857   0.03087         0    0.1094      1046       640    0.9408    0.8765    0.9249    0.5051   0.08138   0.06808         0
     43/99     10.2G   0.07773   0.03106         0    0.1088       989       640      0.94    0.8806    0.9265    0.4984   0.08132   0.06817         0
     44/99     10.2G   0.08179   0.03085         0    0.1126      1060       640    0.9394    0.8669    0.9229    0.4988   0.08144   0.06821         0
     45/99     10.2G   0.07856   0.03152         0    0.1101      1018       640    0.9428    0.8668    0.9223    0.4909    0.0812   0.06939         0
     46/99     10.2G   0.08016   0.03116         0    0.1113      1159       640    0.9453    0.8594    0.9203    0.4951   0.08154   0.06891         0
     47/99     10.2G   0.07985   0.03141         0    0.1113       877       640    0.9471    0.8762    0.9246    0.5043   0.08105   0.06915         0
     48/99     10.2G   0.07968   0.03006         0    0.1097       574       640    0.9407    0.8775    0.9244    0.5081   0.08093   0.07011         0
     49/99     10.2G   0.07665   0.03086         0    0.1075       988       640    0.9469     0.868    0.9253    0.5048   0.08082   0.06856         0
     50/99     10.2G   0.07695    0.0304         0    0.1074       661       640    0.9479    0.8803    0.9318    0.5125   0.08061   0.06887         0
     51/99     10.2G   0.07685    0.0304         0    0.1073       661       640    0.9503    0.8761      0.93    0.5085   0.08068   0.06943         0
     52/99     10.2G   0.07536   0.03059         0     0.106       953       640    0.9477    0.8758    0.9287    0.5088   0.08075    0.0691         0
     53/99     10.2G   0.07506   0.03048         0    0.1055      1015       640    0.9569    0.8794     0.934     0.518   0.08006   0.06863         0
     54/99     10.2G   0.07663    0.0308         0    0.1074      1158       640    0.9442     0.886    0.9321    0.5187   0.08004   0.07001         0
     55/99     10.2G   0.07784   0.03016         0     0.108      1296       640     0.951     0.884    0.9329    0.5174   0.08038   0.06944         0
     56/99     10.2G   0.07754   0.03053         0    0.1081      1183       640    0.9587    0.8799     0.935    0.5157   0.08015   0.06924         0
     57/99     10.2G   0.08082   0.03091         0    0.1117       952       640    0.9516    0.8842    0.9334    0.5097    0.0802   0.06981         0
     58/99     10.2G   0.07838    0.0307         0    0.1091      1391       640    0.9507    0.8834    0.9305    0.5181   0.07995   0.06995         0
     59/99     10.2G   0.07669   0.03062         0    0.1073      1117       640    0.9587    0.8839    0.9335    0.5192   0.07983   0.06961         0
     60/99     10.2G   0.07536   0.02998         0    0.1053      1045       640    0.9521    0.8856    0.9329    0.5208   0.07985    0.0691         0
     61/99     10.2G   0.07889   0.03066         0    0.1096      1053       640    0.9551    0.8891    0.9368    0.5281   0.07964   0.06844         0
     62/99     10.2G   0.07641   0.03004         0    0.1064       713       640    0.9617    0.8816     0.933    0.5237   0.07958   0.07056         0
     63/99     10.2G   0.07576   0.03028         0     0.106       663       640     0.954    0.8897    0.9363    0.5212   0.07962   0.06907         0
     64/99     10.2G   0.07634   0.03025         0    0.1066      1034       640    0.9583    0.8864    0.9364    0.5272   0.07919   0.06976         0
     65/99     10.2G     0.081   0.03051         0    0.1115      1134       640    0.9523    0.8871    0.9332    0.5226   0.07949   0.07033         0
     66/99     10.2G   0.07546   0.03011         0    0.1056       839       640    0.9562    0.8929    0.9368     0.531   0.07889   0.07074         0
     67/99     10.2G   0.07557   0.03016         0    0.1057       788       640    0.9556    0.8918    0.9371    0.5251   0.07928    0.0694         0
     68/99     10.2G   0.07577    0.0302         0     0.106       901       640    0.9561    0.8887    0.9356    0.5278   0.07912   0.06996         0
     69/99     10.2G   0.07326   0.03096         0    0.1042      1250       640    0.9568    0.8921    0.9381    0.5309   0.07895   0.06996         0
     70/99     10.2G    0.0726   0.03049         0    0.1031      1273       640    0.9545    0.8929    0.9387    0.5306   0.07896   0.07057         0
     71/99     10.2G   0.07375   0.03092         0    0.1047       966       640    0.9583     0.893    0.9386    0.5277   0.07896   0.07019         0
     72/99     10.2G    0.0767   0.03043         0    0.1071       801       640    0.9593    0.8919    0.9368    0.5287   0.07902   0.07001         0
     73/99     10.2G   0.07526   0.03041         0    0.1057       776       640    0.9607    0.8885    0.9388    0.5318   0.07875   0.07038         0
     74/99     10.2G   0.07297     0.031         0     0.104      1266       640    0.9587    0.8942    0.9393    0.5313    0.0785   0.07092         0
     75/99     10.2G     0.072   0.03052         0    0.1025      1158       640    0.9633    0.8909    0.9391    0.5312   0.07851   0.07129         0
     76/99     10.2G   0.07529   0.02958         0    0.1049       654       640     0.963     0.892    0.9392    0.5324   0.07842   0.07111         0
     77/99     10.2G   0.07176   0.03048         0    0.1022       974       640    0.9498     0.902    0.9391    0.5341   0.07819   0.07133         0
     78/99     10.2G   0.07118   0.03078         0     0.102       748       640    0.9552    0.8968    0.9381    0.5311   0.07831    0.0715         0
     79/99     10.2G   0.07791   0.03043         0    0.1083       817       640    0.9593    0.8931    0.9383    0.5279   0.07835   0.07152         0
     80/99     10.2G   0.07176   0.03031         0    0.1021       842       640    0.9615    0.8941    0.9409    0.5322   0.07818   0.07139         0
     81/99     10.2G   0.07175   0.03033         0    0.1021       971       640    0.9553     0.901    0.9404    0.5329   0.07815   0.07202         0
     82/99     10.2G   0.07145   0.03023         0    0.1017      1238       640    0.9546    0.9023    0.9397    0.5312   0.07818   0.07257         0
     83/99     10.2G   0.07247   0.03008         0    0.1026       883       640    0.9582     0.898    0.9394    0.5302   0.07824   0.07193         0
     84/99     10.2G   0.07509   0.03122         0    0.1063       845       640    0.9588    0.8975    0.9399    0.5339   0.07803    0.0723         0
     85/99     10.2G     0.072   0.03027         0    0.1023       982       640     0.954    0.9022    0.9398    0.5315   0.07803   0.07246         0
     86/99     10.2G   0.07854   0.02979         0    0.1083       748       640    0.9597    0.8971    0.9399     0.533   0.07795   0.07261         0
     87/99     10.2G    0.0724   0.03088         0    0.1033      1131       640    0.9603    0.8987    0.9406    0.5352   0.07779   0.07297         0
     88/99     10.2G   0.07417   0.03057         0    0.1047      1304       640    0.9587    0.9003    0.9404    0.5367   0.07763   0.07301         0
     89/99     10.2G   0.07164   0.03105         0    0.1027       752       640    0.9635    0.8957    0.9418    0.5353   0.07761   0.07317         0
     90/99     10.2G   0.07419   0.02994         0    0.1041       874       640    0.9563    0.9031    0.9422    0.5371   0.07746   0.07331         0
     91/99     10.2G   0.07683    0.0309         0    0.1077      1459       640    0.9587    0.9002    0.9416    0.5357   0.07742   0.07327         0
     92/99     10.2G   0.07684    0.0305         0    0.1073       597       640    0.9554    0.9038    0.9428    0.5366   0.07736   0.07342         0
     93/99     10.2G   0.07355    0.0305         0    0.1041       868       640    0.9574    0.9015    0.9413    0.5342   0.07751   0.07308         0
     94/99     10.2G   0.07096   0.02974         0    0.1007       705       640    0.9603    0.8997    0.9419    0.5365   0.07735   0.07317         0
     95/99     10.2G   0.07184    0.0294         0    0.1012      1135       640    0.9617    0.8999    0.9421    0.5379   0.07725   0.07325         0
     96/99     10.2G   0.07275   0.03046         0    0.1032       877       640    0.9574    0.9041    0.9424    0.5367   0.07723   0.07352         0
     97/99     10.2G   0.07701   0.03023         0    0.1072       966       640     0.963    0.9009    0.9421    0.5378   0.07713   0.07353         0
     98/99     10.2G   0.07447     0.031         0    0.1055       927       640    0.9653    0.8975    0.9424    0.5379   0.07711   0.07384         0
     99/99     10.2G   0.07238   0.03009         0    0.1025      1059       640     0.964    0.8975    0.9425    0.5378   0.07701    0.0737         0
